-0.193148
-0.153393
-0.416475
-0.170641
-0.107984
0.620435
-0.540714
0.019226
-0.006316
0.003594
-0.357054
0.046115
0.030262
0.079507
-0.118834
-0.068418
0.001488
0.128055
0.046514
0.076446
-0.132867
-0.384305
-0.026851
-0.043688
-0.239041
-0.103383
-0.199770
0.038128
0.329274
0.032706
0.032706
0.015297
0.023656
0.024599
0.118334
-0.005702
-0.163191
-0.035052
0.060730
-0.087318
-0.049913
-0.017777
-0.030299
-0.268813
-0.043098
-0.069234
-0.032661
-0.053762
0.005899
-0.422863
-0.059249
-0.086546
-0.043098
-0.201223
-0.024213
-0.491546
0.033798
-0.226232
-0.044709
-0.062307
-0.432609
0.065190
-0.037894
0.079359
-0.044303
-0.079017
-0.218738
-0.044846
-0.036208
-0.041764
-0.208098
-0.014336
-0.048099
-0.258398
-0.055455
-0.046854
-0.032034
-0.632006
-0.364403
-0.049780
-0.061853
-0.253326
-0.042830
0.163140
0.000831
-0.100677
-0.024727
-0.000730
0.004601
0.049824
0.167588
-0.003981
-0.069452
-0.057683
0.123273
-0.007455
0.097259
0.104243
0.007217
0.020335
0.001473
0.060138
0.065840
0.047587
-0.036223
0.022528
0.031217
-0.145157
0.194735
0.021768
0.060104
0.050387
0.030539
0.115461
0.006585
-0.006423
0.031727
0.052290
-0.049291
0.028908
0.020207
0.027952
-0.310873
0.032046
0.063840
0.089110
0.071404
0.062891
0.055608
0.055608
0.062295
0.055529
0.056347
0.063269
0.062295
0.053248
0.032644
0.176007
-0.410366
-0.077676
0.113124
-0.005229
0.018824
-0.014866
0.001296
0.018777
-0.058068
-0.014221
0.007471
-0.014370
0.054280
-0.006609
-0.002355
-0.018801
0.033179
-0.084633
-0.011122
-0.008102
-0.023335
-0.007862
0.032987
0.024573
-0.001130
-0.010658
-0.001130
0.011456
-0.003586
-0.009275
-0.002564
-0.002742
-0.028897
-0.005629
0.039177
-0.001130
0.006074
0.025287
0.019147
-0.021182
-0.040755
-0.022959
-0.095050
0.018142
-0.064036
-0.017791
-0.006462
0.034169
0.007446
0.005299
0.000016
0.001331
0.003853
0.015709
0.021762
0.004992
0.015331
0.011424
0.007448
0.010775
0.019930
-0.006813
0.004462
0.018699
0.004516
0.002330
0.011992
0.003599
0.009619
0.001828
0.013625
0.005299
0.013886
-0.024548
-0.025449
-0.025990
-0.027123
-0.034342
-0.027131
-0.025813
-0.027390
-0.025449
-0.022110
0.001764
-0.003146
-0.001851
0.001887
-0.002721
-0.002171
-0.006003
0.000849
0.001764
-0.421655
-0.143403
-0.074038
-0.102700
0.212895
-0.714253
-0.333117
-0.134647
-0.152208
0.157740
0.095740
0.175143
0.280576
-0.038149
-0.043543
-0.045230
-0.042341
-0.042341
-0.026370
-0.043028
-0.038059
-0.045980
-0.062157
-0.042341
-0.065592
-0.031714
-0.048088
-0.101667
-0.038591
-0.047915
-0.044301
0.098053
0.110082
0.106333
0.104120
0.106333
0.077470
0.121191
0.110108
0.108673
0.098092
-0.004409
-0.002510
-0.004284
-0.005312
-0.000326
-0.008324
0.007033
-0.004409
0.002533
-0.004120
-0.000290
-0.004409
0.001813
-0.004595
0.000499
-0.001515
-0.005938
-0.004409
-0.004942
-0.002366
-0.003711
0.024057
-0.002466
-0.004998
-0.010953
-0.032577
-0.013243
-0.204216
0.011524
-0.006906
0.001628
-0.014184
-0.000811
0.004300
-0.067456
-0.102584
-0.014184
0.014564
-0.047166
-0.010388
0.030571
-0.042801
0.005417
0.059244
-0.078090
0.105220
-0.001781
-0.128030
-0.004535
0.027936
0.033748
0.023448
0.035194
0.015487
-0.001693
0.052142
-0.025700
-0.028642
-0.025380
-0.019388
-0.020850
-0.024999
-0.013972
-0.033374
-0.025700
-0.033813
-0.134976
-0.098036
-0.108153
-0.130016
-0.152236
-0.154828
-0.097670
-0.150914
-0.096394
-0.048407
-0.006999
0.013809
0.013024
0.009438
0.013024
0.012783
0.008461
0.013875
0.012566
0.013500
0.009746
-0.083271
-0.077227
-0.063082
-0.529425
-0.042019
0.019622
0.024625
-0.479627
0.520373
0.026502
0.008131
0.005474
0.014205
0.014389
0.003777
0.022932
0.048499
0.328214
0.014738
0.027771
0.054095
-0.130582
0.051349
0.055858
0.053043
0.070261
0.061275
0.055385
0.060817
0.064745
0.031356
0.064939
0.041302
0.079006
-0.012630
-0.003414
-0.013897
-0.016251
-0.014335
-0.011580
-0.011527
-0.012002
-0.004344
-0.001054
-0.016251
-0.007110
-0.008948
-0.005799
-0.002077
-0.004941
-0.011561
-0.015829
-0.016251
-0.008132
-0.007805
-0.012877
-0.002164
-0.010410
0.224156
0.144773
0.203370
0.039874
0.034523
0.017618
0.042280
0.027910
0.039874
-0.008806
-0.045606
-0.029044
-0.029158
-0.092807
-0.021620
-0.022521
-0.029044
-0.029044
-0.016279
-0.020870
-0.027775
-0.049942
-0.032131
-0.024244
-0.036465
-0.029044
-0.037261
0.012820
0.013958
0.012820
0.033261
0.019913
0.017264
0.022715
0.022723
-0.044295
0.015534
0.012266
0.012820
0.021030
0.012820
0.000027
0.034381
0.013511
-0.005354
0.041099
0.014645
-0.044605
0.047942
-0.045583
-0.158495
-0.017619
-0.028910
-0.019938
-0.022803
-0.021366
-0.017619
-0.001345
-0.018725
-0.035454
-0.025905
-0.021047
-0.019893
-0.022561
-0.009435
-0.019754
-0.037210
-0.020212
-0.020451
-0.015309
-0.018176
-0.031380
-0.025259
-0.001621
-0.018176
-0.012421
0.040159
-0.144502
0.016050
-0.818081
0.085534
-0.036185
-0.003537
0.116729
0.022632
0.017024
0.040350
0.054722
0.223693
0.040308
0.078837
0.040663
0.030112
0.117221
0.005858
0.033986
0.029038
0.031093
-0.013915
0.077252
0.004151
0.046766
0.033800
0.000595
0.023992
0.028562
-0.037265
-0.025761
-0.030316
-0.013067
-0.048726
-0.041057
0.026934
0.026212
0.020749
0.005938
0.029843
0.024038
0.052464
-0.023442
0.077953
0.012878
0.008609
0.026264
-0.034905
-0.015952
0.016626
-0.013221
0.070680
-0.020643
-0.025768
-0.026314
-0.025539
-0.059031
-0.023197
-0.017889
-0.022517
-0.020343
-0.026339
-0.026018
-0.012096
0.070680
-0.019836
-0.018512
0.070680
-0.014153
-0.027480
-0.022827
-0.024291
-0.031242
-0.024442
-0.031242
-0.017241
-0.016546
-0.024110
0.109255
0.136451
0.150145
-0.013662
-0.010600
-0.016170
-0.010545
-0.007462
-0.010545
-0.006118
-0.010545
-0.003523
-0.009957
-0.006552
-0.008145
-0.010545
-0.009845
-0.010545
0.004724
-0.044816
-0.019132
-0.103765
-0.088381
-0.017737
-0.061874
-0.060804
-0.113481
-0.066372
-0.128802
-0.050010
-0.251726
-0.084310
-0.068227
-0.037758
-0.163375
-0.122450
-0.063817
-0.177038
-0.076410
-0.033883
-0.050561
-0.397089
-0.067595
-0.037467
-0.228991
-0.089058
0.122115
0.132170
0.057292
0.061469
0.060258
0.062236
0.064228
0.057234
0.082445
0.054300
0.064247
0.059597
0.064228
0.064189
0.055402
0.151524
0.055585
0.062225
0.056398
0.060936
0.067402
0.060131
0.054246
0.058898
0.061658
0.056398
0.056398
0.062732
0.060580
0.056398
0.063543
0.056398
0.057089
0.061449
0.055215
0.065329
0.018898
0.028370
-0.019425
0.001039
0.018148
0.024270
-0.000517
0.007763
0.018508
0.022088
-0.049845
0.031967
-0.056957
0.032970
-0.036334
-0.033383
0.042175
0.001440
-0.033362
-0.020126
-0.020605
-0.033362
-0.022018
-0.021469
-0.019846
0.020956
0.017976
0.028293
0.024149
0.018408
0.013195
0.029940
0.017472
0.009995
0.009811
0.018170
0.019935
0.014241
0.017715
0.018067
0.018067
0.089473
0.049021
0.049134
0.047489
0.050862
0.055793
0.046484
0.048755
0.045520
0.049536
0.050715
0.057298
0.045318
0.045520
0.068412
0.044098
0.043622
0.055370
-0.044951
-0.032199
-0.058233
-0.031523
-0.059198
-0.041523
-0.062191
-0.219531
-0.000632
0.039371
-0.038601
0.041429
0.000255
-0.055044
-0.066666
0.077321
0.001874
0.050692
-0.003252
-0.024251
-0.086914
-0.077758
-0.007563
-0.060172
0.001756
-0.023165
-0.061046
0.077998
-0.005690
0.126698
-0.028721
0.122204
0.119043
-0.002791
-0.023118
-0.025682
-0.039069
-0.007495
-0.032757
-0.273136
-0.033147
0.054454
-0.037004
-0.039910
-0.037196
-0.039792
-0.086491
-0.465066
-0.049105
-0.047389
-0.047389
-0.044195
-0.041402
-0.051412
-0.036985
0.000194
-0.029866
-0.008866
-0.024163
-0.032551
0.085417
-0.005901
0.121525
0.722499
0.125055
-0.100877
-0.102539
-0.121656
-0.085329
-0.137574
-0.094204
-0.110428
-0.080029
-0.083762
-0.181133
-0.156244
-0.155169
-0.098609
-0.271492
-0.095906
0.046288
0.077815
0.048823
0.046288
0.056952
0.042349
0.053467
0.006918
0.004553
0.009327
0.008135
0.003938
0.007397
-0.000407
0.003978
0.007115
-0.000140
0.006918
0.008129
0.004228
0.003204
0.031324
0.032165
0.046343
0.027713
0.031855
0.028745
0.037485
0.036050
0.036681
0.033448
0.041703
0.041336
0.029560
0.047639
0.045387
0.039537
0.031611
0.046192
0.037485
0.033124
0.034180
0.034037
0.035313
0.040957
0.046623
0.034967
0.136209
0.135763
0.131292
0.126176
0.161543
0.143857
0.131292
0.130177
0.161736
0.011721
0.051375
0.087947
0.027631
0.009817
0.034572
0.028871
0.035723
0.028871
0.028871
0.027934
0.035960
0.035176
0.045506
0.038033
0.031007
0.062598
0.018702
-0.058503
-0.091306
-0.146398
-0.099840
-0.358516
-0.123261
0.648729
-0.006577
-0.141577
-0.277348
1.301909
-0.536902
-0.075113
-0.003722
-0.036960
-0.006040
-0.693323
-0.004767
0.009273
-0.046629
-0.025267
-0.012229
0.018531
-0.012229
-0.011798
-0.005182
-0.001972
-0.026565
-0.009912
-0.001869
-0.007698
-0.006821
-0.005734
-0.042593
-0.005734
-0.003579
-0.031284
-0.009912
-0.130640
-0.015387
0.005419
-0.007111
0.306677
-0.011050
-0.012229
-0.011611
0.095114
-0.007884
-0.071332
-0.030683
-0.005096
0.039983
0.067323
-0.037800
0.004350
0.046437
0.129663
0.047801
0.039983
0.086372
0.014373
-0.000664
-0.007685
0.007784
-0.001085
0.005230
0.003822
0.002673
0.001289
-0.056104
-0.027103
-0.023650
-0.036958
-0.030751
-0.030329
-0.021816
-0.030329
-0.049817
-0.012299
-0.011190
-0.057038
-0.006380
-0.031570
-0.029023
-0.177672
-0.038473
0.003204
-0.003308
-0.001873
-0.001072
-0.003543
-0.000255
-0.007556
0.001266
-0.007339
0.000501
0.001098
-0.003900
0.179685
0.002195
-0.005394
0.179685
0.002934
-0.007883
-0.007556
0.003598
-0.008559
0.001359
-0.003689
-0.010459
-0.002125
-0.003663
0.000546
-0.000271
-0.004577
0.023649
-0.001509
-0.013487
-0.000864
-0.008673
0.179685
-0.075098
-0.068284
-0.062255
-0.086652
-0.074389
-0.077700
-0.152194
-0.088795
-0.068106
-0.092635
-0.067851
0.143731
0.032041
0.218563
0.151218
0.110745
0.431050
0.017739
0.113181
0.084374
-0.094524
-0.254871
-0.731361
-0.006754
-0.065304
-0.066320
-0.046552
-0.052822
-0.029488
-0.053900
-0.025347
-0.025196
-0.035663
-0.132591
-0.028622
-0.036128
-0.037315
-0.036128
-0.022175
-0.064004
0.016087
0.068895
-0.038762
-0.091635
-0.103773
-0.114810
-0.106123
-0.023622
-0.003037
-0.006385
-0.017005
-0.022400
-0.021237
-0.006694
0.007116
0.004278
0.005730
0.008309
0.015248
0.011347
0.009691
0.016126
0.009622
0.009691
0.010742
0.004278
0.015541
0.006168
0.005474
0.004278
0.016954
0.005474
0.018126
0.004278
0.004278
0.011341
0.004278
0.007852
0.012539
0.012678
0.013486
0.006144
0.004278
0.016996
0.020757
0.006076
0.008139
0.005852
0.010916
-0.142612
-0.083263
0.042392
-0.283006
0.026809
0.116274
-0.098030
-0.075249
-0.224846
-0.000893
-0.078135
-0.335894
0.084192
-0.279822
-0.131011
-0.232414
0.152478
0.024673
-0.033061
-0.029319
-0.031394
-0.033121
-0.025263
-0.032571
-0.034044
-0.032571
-0.028095
0.011820
-0.039064
-0.027825
-0.024866
-0.024900
-0.028614
-0.003966
-0.028614
-0.037612
-0.045698
-0.033121
-0.027271
-0.027881
-0.058754
-0.062090
-0.056977
-0.116291
-0.121617
-0.174062
-0.142784
-0.093273
-0.087334
-0.061734
-0.078717
-0.083724
-0.072496
-0.095931
-0.094057
-0.075707
-0.127638
0.074955
0.280551
0.526207
-0.075773
0.031959
1.074324
0.075036
-0.494208
-0.172244
-0.357246
-0.287405
-0.228929
-0.210295
-0.089472
-0.294424
-0.320497
-0.009247
-0.007640
-0.009683
-0.029495
-0.009246
-0.018392
-0.020393
-0.087654
-0.016353
-0.022478
0.029860
0.029860
0.025257
0.035699
0.031550
0.027571
0.040619
0.036648
0.065297
0.025253
0.050364
0.011225
0.029860
0.029895
0.013620
0.029860
0.000665
0.112400
0.114415
0.106227
0.159230
0.160378
-0.078299
0.164575
0.096439
0.019811
-0.139724
-0.074109
-0.060745
0.019766
-0.208085
-0.171743
-0.006917
0.079644
-0.219019
-0.513611
-0.171689
-0.212543
-0.048240
-0.204202
-0.161505
-0.204232
-0.065068
-0.011884
-0.171563
-0.196973
-0.052111
0.096547
-0.171175
0.035938
-0.016071
-0.026700
-0.009274
-0.005894
-0.015910
-0.027048
-0.009234
-0.023198
-0.026110
-0.015298
-0.018423
-0.014984
-0.016011
-0.017551
0.050421
-0.032875
0.032330
0.069595
0.104562
0.056925
0.003494
0.003672
0.002235
0.002235
0.023192
-0.006368
-0.008292
-0.012073
0.003428
-0.024763
0.122084
0.001499
-0.006437
0.077156
0.019702
-0.008533
-0.031862
0.010186
-0.018178
-0.032353
-0.020440
-0.031040
-0.034054
0.014136
0.016656
-0.024189
0.008763
0.001146
-0.016077
0.002060
0.002788
0.004781
0.002060
0.002060
0.008999
0.001907
0.004434
-0.004674
-0.002773
0.110782
-0.005821
0.005663
-0.001344
0.007905
-0.004674
0.110782
0.006576
0.009439
0.002060
0.007568
-0.006637
0.002087
0.002046
-0.002077
-0.001628
-0.004674
0.000974
0.002060
-0.003957
-0.051801
0.002354
0.110782
0.082898
0.156467
0.084911
0.154621
0.102974
0.091784
0.144184
0.098354
0.061552
0.081893
0.139689
0.035520
-0.042005
-0.005106
0.001729
-0.072732
-0.030214
-0.030145
-0.055875
-0.019669
-0.034164
-0.023755
-0.003104
-0.011702
0.004444
-0.002050
0.040249
-0.086268
-0.152947
0.053051
-0.035634
0.050880
0.087420
0.042073
0.047721
0.044131
0.013013
0.042073
0.039976
0.044330
0.036071
0.047773
0.045749
0.050320
0.074175
0.045749
0.047456
0.049661
0.047738
0.063181
0.047773
0.065029
0.045731
0.019017
0.050037
0.048562
0.045749
0.051922
0.012271
0.039857
0.050320
1.747050
-0.684865
0.146259
0.026097
0.027332
-0.022808
-0.000025
-0.018409
-0.017915
-0.045146
-0.047908
-0.013610
-0.000086
-0.012935
-0.007042
0.006530
-0.052658
-0.012317
-0.006725
-0.012317
-0.019900
-0.050597
-0.076787
-0.036494
0.015301
-0.006614
0.037022
-0.016905
0.009852
-0.064918
-0.018402
-0.018189
-0.008422
-0.014161
-0.036353
0.035180
-0.015858
-0.060637
-0.018777
-0.017664
-0.016281
-0.019077
-0.020028
-0.025535
-0.023658
-0.017233
-0.020617
-0.020413
-0.013548
-0.025535
-0.021782
-0.018737
0.191290
-0.021589
-0.011494
-0.024121
-0.026944
-0.017584
-0.018651
-0.022636
-0.020278
-0.031324
-0.014034
-0.016911
-0.025535
-0.016551
-0.029573
-0.019544
-0.012407
-0.029597
-0.015170
-0.056064
0.001997
0.000402
-0.003180
0.001997
0.001997
0.001997
0.130200
-0.009014
0.039051
-0.007221
-0.012900
-0.075646
-0.012900
-0.011483
-0.013720
-0.017554
0.026023
-0.008859
-0.004187
0.012916
-0.000764
-0.017240
-0.002782
0.014338
-0.008213
-0.008258
-0.006663
-0.009987
-0.008106
-0.005279
-0.017877
0.013064
0.015235
0.014956
0.020214
0.031092
0.011596
0.016279
0.010649
0.015943
0.017227
0.010649
0.014956
0.023236
0.005340
0.018434
0.057523
0.010649
0.011293
0.015812
0.010649
0.013384
0.011293
0.021074
0.010649
0.020032
0.011081
0.018098
0.018666
0.018599
0.015517
0.018006
0.002031
-0.003442
-0.413382
0.586618
-0.002391
-0.012292
-0.004197
-0.007649
-0.005421
-0.040385
-0.045643
-0.051401
-0.042768
-0.043964
-0.037300
-0.029850
-0.049913
-0.048695
-0.049146
-0.051011
-0.050589
0.103574
0.110228
0.086393
0.012032
0.016913
0.014851
0.012396
0.016913
0.011480
0.006842
0.016913
0.011563
0.015374
0.024068
0.024814
0.029705
0.029152
0.012914
0.016764
0.022129
0.029087
0.053313
-0.036136
-0.047882
-0.052266
-0.042386
-0.039622
-0.067290
-0.043246
-0.007323
-0.013723
-0.057328
-0.043246
-0.043246
-0.045354
-0.026610
-0.051559
-0.020572
-0.007078
-0.020129
-0.023536
-0.021744
-0.016231
0.002169
-0.092176
-0.156801
-0.139363
0.021244
-0.332098
-0.173282
-0.035510
-0.029567
-0.020203
-0.028477
-0.034319
-0.025031
-0.030014
-0.028331
-0.030014
-0.036156
-0.035510
-0.031914
-0.028331
-0.034008
-0.036821
-0.032645
-0.021976
-0.002424
-0.031601
-0.036821
-0.026793
-0.031119
-0.026718
-0.036156
-0.035510
-0.031914
-0.024147
-0.029164
-0.032393
-0.029164
-0.032555
-0.025868
-0.036156
-0.035510
-0.031914
-0.032672
-0.026441
-0.035510
-0.007815
-0.010604
-0.005342
0.006948
-0.007815
-0.022366
-0.013462
-0.000801
-0.006656
-0.002092
0.018629
-0.023127
-0.010360
-0.013462
-0.007700
-0.150283
-0.007815
0.013363
0.000237
0.004817
-0.022484
-0.049987
-0.010360
0.021969
-0.063843
-0.016251
-0.006687
0.198393
-0.007332
-0.008500
0.198111
-0.120708
0.190160
0.581147
0.102359
-0.422923
0.044542
-0.174626
0.302141
-0.061268
0.096539
0.119755
0.283888
0.116186
0.160722
-0.294593
-0.021524
0.446340
0.247362
0.284525
-0.102038
-0.118657
0.128290
0.777576
-0.262787
0.198291
0.091375
0.079231
-0.029604
-0.017914
-0.029604
-0.100256
-0.030880
-0.031556
-0.036529
-0.036529
-0.034122
-0.032435
-0.004557
-0.036529
-0.025530
-0.027790
-0.021687
-0.019630
-0.019231
-0.036346
-0.031912
-0.005240
-0.036529
-0.037986
-0.045400
-0.020462
-0.027660
-0.025435
-0.026380
-0.040781
-0.069222
-0.073931
-0.074954
-0.077846
-0.073758
-0.071312
-0.072027
-0.067788
-0.070631
-0.068194
-0.063671
-0.070484
-0.086051
-0.068289
-0.055795
-0.081328
-0.087674
-0.076086
-0.072060
-0.075401
-0.079804
-0.073793
-0.071231
0.002235
-0.002682
-0.001700
-0.055439
0.005434
0.007820
-0.002018
-0.002252
-0.002972
-0.001855
0.007441
0.001347
0.001085
-0.003812
0.005936
-0.001700
-0.005680
0.004526
-0.001855
-0.001631
-0.003371
-0.004346
-0.005483
0.000175
-0.000144
0.007939
0.008713
0.001727
-0.010270
0.000905
-0.057097
0.208772
0.119897
0.084299
0.071767
0.088376
0.597088
-0.011714
0.161709
0.003867
-0.273815
0.100079
0.274747
-0.140667
0.211947
0.125313
0.078834
0.025527
-0.245631
0.199090
0.236339
0.074946
-0.007661
-0.133942
0.023406
0.325678
0.150357
-0.167236
-0.028229
-0.045705
-0.037121
-0.041827
-0.019380
-0.047404
-0.046453
-0.020433
-0.017547
-0.069824
-0.024199
-0.022162
-0.037847
-0.076376
-0.071111
-0.041290
-0.039525
-0.094743
-0.061258
-0.052195
-0.089158
0.111097
0.066514
0.381084
-0.081174
0.066514
0.080724
0.100531
0.117750
0.017409
0.066514
-0.060485
-0.058868
-0.059338
-0.081177
-0.060485
-0.049934
-0.053313
-0.051737
-0.054052
-0.055073
-0.057806
-0.059569
-0.061371
-0.018651
-0.065089
-0.060485
-0.050586
-0.060485
-0.029876
-0.056131
-0.059358
-0.054932
-0.069377
-0.057300
-0.060485
-0.137556
-0.053625
-0.050053
-0.004517
0.001895
0.004113
-0.003577
-0.002718
0.001368
0.026392
-0.024266
0.056042
0.039797
-0.075911
-0.044867
0.451239
0.045718
0.024160
0.026806
0.067490
-0.184961
0.005646
0.003592
0.008777
0.008752
0.006771
0.008890
0.006771
0.006771
0.016661
0.010753
0.018409
0.074511
-0.079591
0.117640
-0.072221
-0.116214
-0.589503
0.536018
0.025765
-0.498412
-0.303336
-0.648792
0.078246
0.149938
-0.276712
-0.004621
0.025710
0.068402
0.117396
0.029167
0.020580
0.024039
0.065062
0.038401
0.010231
0.028484
0.058468
0.005459
0.036387
0.007174
0.020580
0.024566
0.026171
-0.045024
-0.040585
0.044456
0.010887
-0.244245
0.049384
0.118650
0.081378
0.115866
0.201277
0.081227
-0.011151
0.137090
0.081227
-0.002059
0.012824
0.056592
0.028645
0.074899
0.035620
0.111355
0.093914
0.083312
0.069367
0.141259
0.057329
0.101323
0.230791
0.202843
-0.036983
-0.355191
-0.060874
0.019685
0.106433
-0.011245
0.420086
-0.111518
0.002454
-0.244610
0.007344
-0.073022
-0.148590
0.043738
-0.042478
0.121032
0.230104
0.029059
-0.139865
0.048168
0.022746
0.022791
0.173880
0.026483
-0.307229
0.039212
-0.059939
0.015107
0.006663
0.007232
0.013624
0.009633
0.007232
0.007167
0.007274
0.006663
0.015613
0.004554
0.007274
0.007055
0.019169
0.025690
-0.019880
-0.032249
0.490433
-0.021566
-0.036577
-0.027120
-0.031190
-0.017336
-0.026005
0.052779
0.054616
0.057308
0.068241
0.039858
0.049794
0.044884
0.062503
0.054616
-0.061948
-0.057870
-0.063303
-0.061620
-0.067344
-0.051154
-0.059449
-0.071702
-0.068860
-0.043420
-0.020145
-0.003030
-0.051258
-0.017207
-0.025143
-0.015308
-0.051518
-0.055076
-0.044301
0.000188
-0.050030
-0.050233
0.025410
-0.056597
-0.070179
-1.978323
0.021627
0.020732
0.010320
0.048793
0.052852
0.024637
0.024189
0.036252
-0.010526
0.024637
0.031968
0.034217
0.024637
0.046000
0.007820
0.021167
0.024637
0.093608
0.056184
0.047903
0.141285
0.138358
0.025968
0.139293
-0.273677
-0.058729
-0.071343
-0.058729
-0.064313
-0.052378
-0.030240
-0.059589
-0.120654
-0.091220
0.028729
-0.145494
-0.057857
-0.052292
-0.116732
-0.257580
-0.058729
-0.065488
-0.046298
-0.092597
-0.040896
-0.093187
-0.047161
-0.067765
0.013610
0.046887
0.189023
0.154540
-0.007964
-0.013800
0.517273
-0.008681
-0.004250
-0.054591
-0.430048
-0.018886
-0.019729
-0.008276
-0.012444
-0.013800
-0.394658
0.015091
0.023020
0.021080
-0.067618
0.023020
0.044267
-0.017206
0.014464
0.065580
0.023020
-0.087364
-0.308411
-0.130424
-0.031439
-0.144599
0.005145
0.131479
-0.006401
-0.488307
0.098463
0.008089
-0.016991
0.031122
0.100335
-0.022223
0.055386
0.103490
0.113492
0.114627
0.077897
0.153702
0.109137
0.097141
0.123685
0.133126
0.107805
0.109137
0.097648
-0.590875
0.090606
0.114919
0.086853
0.137119
0.139274
0.115687
0.072435
0.110720
0.126917
0.117971
0.098774
0.112631
0.112745
0.097720
0.109137
-0.019963
-0.044473
-0.034557
-0.130026
-0.047272
-0.027748
-0.035759
-0.034942
-0.039680
-0.046769
-0.059048
-0.000894
-0.034369
-0.059521
-0.048954
-0.038319
-0.029807
-0.039680
-0.081425
-0.038319
-0.006422
-0.027561
0.033144
0.032836
0.037506
0.028299
0.033390
0.038072
0.029685
0.037506
0.037233
0.040712
0.032786
-0.033502
0.061467
0.042805
0.044178
0.037506
0.032028
0.040448
0.035377
0.037506
0.033589
0.034985
0.033886
0.017263
0.034985
0.038747
0.040113
0.036807
0.040387
0.049272
0.043534
0.036807
0.053609
-0.049843
0.046081
0.010458
0.011364
0.016578
0.006614
0.022885
0.006614
0.015109
0.018079
0.088188
0.014907
0.019199
0.016566
0.010921
0.010695
0.011831
0.017075
0.007181
0.006614
0.009054
0.006614
0.016273
0.006614
0.012437
0.014410
0.006614
-0.009536
-0.002817
0.001743
-0.005092
-0.006081
-0.009536
-0.009536
-0.004548
0.020185
0.054668
-0.021133
-0.003323
-0.002721
-0.016135
-0.012682
-0.016135
-0.016135
-0.012655
0.028697
-0.000925
-0.016135
-0.025951
-0.026747
-0.162696
-0.016135
0.093792
-0.000061
0.021822
-0.023883
0.074410
0.013043
0.038890
-0.093885
0.130216
0.011273
0.019168
0.097422
-0.028463
0.014488
-0.019216
-0.084838
0.075267
-0.239152
0.022545
0.013815
0.044273
0.052587
0.026082
0.036920
0.026082
0.031048
0.029790
0.039019
0.031048
0.036636
0.029397
0.027443
0.026082
0.032652
0.031048
0.027701
0.029305
0.033114
0.030248
0.036169
0.026082
0.036612
0.105792
0.097044
0.089387
0.098342
0.126376
0.101956
0.101616
0.104420
0.102458
0.094196
-0.442125
0.047941
-0.070303
0.063041
0.022416
-0.022912
0.538031
0.051868
0.101609
-0.335897
-0.016233
0.024729
0.144384
0.152327
-0.047627
0.574913
0.069351
-0.026868
0.042234
0.039642
0.456030
0.032129
0.033164
0.046805
0.040499
0.037494
0.023679
0.044585
0.041334
0.012930
-0.005579
0.033164
0.038966
0.032129
0.002656
0.003606
0.007177
0.000872
0.005610
0.003606
0.006141
0.013403
0.008016
0.011874
0.001545
0.006864
0.005434
0.003606
-0.026303
-0.028650
-0.026697
-0.026548
-0.025026
-0.018983
-0.020017
-0.024683
-0.027594
-0.026951
-0.007007
-0.039463
-0.020917
-0.027472
-0.014375
-0.017328
-0.024338
-0.034587
-0.040895
-0.032137
-0.025743
-0.009315
-0.018231
-0.027411
-0.034460
-0.031077
-0.030222
-0.031855
-0.036056
-0.039834
-0.006571
-0.030667
-0.071380
-0.045688
-0.032528
-0.056351
-0.033227
-0.057456
-0.026279
-0.039514
-0.020664
-0.030329
-0.011375
-0.020229
-0.017673
-0.004665
0.044114
-0.035184
0.022710
0.024447
0.022741
0.021189
0.021189
0.023116
0.035117
0.024555
0.028081
0.035615
0.010087
0.027196
0.041333
0.021189
0.025410
0.003858
-0.019862
-0.015780
-0.032554
0.016344
-0.048318
-0.079544
0.054622
-0.016929
0.035452
-0.017752
-0.047763
-0.040425
-0.237428
0.023020
0.055891
-0.038508
-0.016865
-0.001146
-0.126701
-0.105371
-0.030236
0.001429
0.049660
0.011143
0.022900
-0.003174
0.010357
0.071744
0.104344
0.064634
0.151322
0.062862
0.108553
-0.027091
0.037529
-0.072950
-0.083385
-0.075279
-0.068306
-0.022303
-0.031721
-0.063453
-0.053031
-0.102813
-0.101838
-0.037987
0.065671
-0.105722
-0.076028
-0.071075
-0.001681
-0.003451
0.001723
0.002323
-0.002898
0.006739
0.017809
-0.005154
-0.045246
-0.001681
-0.013897
0.032107
0.036842
0.033537
0.031728
0.032359
0.034324
0.035105
0.032359
0.035220
0.029475
0.038252
0.037020
0.032136
0.037581
0.032044
0.032359
0.029068
0.035078
0.036778
0.035783
0.030348
0.024044
0.026694
0.019998
0.031943
0.018167
0.023640
0.011878
0.019629
0.016155
0.118856
0.106747
0.104079
0.135371
0.099043
0.085603
0.126730
0.099631
0.095416
0.113539
0.180751
0.131657
0.046506
0.111346
0.105827
0.096038
0.174515
0.147759
0.096255
0.104079
0.105892
0.126218
0.092233
0.094197
0.098705
0.128548
0.144772
0.113421
-0.048372
0.112603
0.102703
0.154134
0.097506
0.105812
0.019472
0.014178
0.013119
0.010661
0.020905
0.015799
0.027725
0.027398
0.011550
0.020850
-0.019933
-0.011693
-0.008436
-0.025050
-0.019933
-0.025264
-0.019933
-0.020330
-0.008180
-0.018537
-0.000196
-0.062339
-0.063667
-0.076136
-0.079310
-0.081087
-0.057674
-0.061071
-0.072719
-0.071279
0.120529
-0.050054
-0.046582
-0.047049
-0.067060
-0.043623
-0.047060
0.128888
-0.047060
-0.046985
-0.126129
0.042503
0.045665
0.042228
0.039694
0.038409
0.055150
0.042503
0.051500
0.045309
0.040373
0.042789
0.045309
0.051589
-0.027232
0.047977
0.073637
0.050297
-0.084776
-0.004853
0.033865
0.051462
-0.357991
0.055022
-0.273808
0.077839
0.066025
0.192414
0.104712
0.008192
-0.181986
-0.247281
-0.124734
-0.021133
-0.011479
-0.003521
0.424048
-0.459900
0.020465
0.447935
-0.231772
0.027544
-0.177425
0.010474
0.029824
-0.028766
-0.000023
0.056014
-0.082282
0.019641
0.090673
-0.335923
-0.292000
-0.063596
-0.064051
-0.061420
-0.071251
-0.079630
0.013436
-0.095149
-0.088695
-0.012879
-0.048232
-0.066060
-0.066060
-0.061368
-0.066060
-0.076605
-0.069141
-0.072111
-0.121946
-0.102677
-0.154267
-0.185742
-0.054656
-0.063596
0.040695
-0.015218
0.031075
0.002664
-0.022220
0.033728
0.028635
0.016032
0.001382
-0.012005
0.061383
-0.000556
-0.018817
-0.004897
-0.119786
-0.023593
-0.054913
0.144731
-0.054169
-0.070188
-0.010464
-0.013841
-0.012583
-0.000717
-0.027280
0.016485
-0.054624
-0.015232
-0.029994
0.047283
0.076399
-0.006704
0.106236
-0.007334
-0.012884
-0.004897
-0.022170
-0.026437
-0.008015
0.043166
-0.010107
0.033559
0.018226
0.033482
0.018729
0.023105
0.018771
0.018226
0.026056
0.018576
0.015648
0.111599
0.021172
0.015972
0.025278
0.071493
0.015525
0.018502
0.018226
0.015648
0.014128
0.018226
0.018226
0.018226
0.027208
0.020615
0.021108
0.016426
0.018226
0.018226
0.021845
0.027249
0.021845
0.034365
0.021907
0.024806
0.022066
0.025373
0.038035
0.035114
-0.119561
-0.283627
-0.047819
0.065255
0.056771
0.056771
0.039223
0.034115
0.063040
0.058388
0.090624
0.077735
0.075865
0.086385
0.035215
0.063775
0.116837
0.056546
0.065120
0.034317
0.056771
-0.005141
0.039193
0.028142
0.017824
-0.066930
-0.174036
-0.013391
0.018430
-0.025388
-0.048271
-0.040446
-0.043832
-0.043171
-0.049240
-0.046593
-0.040823
-0.042655
-0.045103
-0.038025
-0.040823
-0.037329
-0.040823
-0.042545
-0.058187
-0.046080
-0.042319
-0.045916
-0.033445
-0.059475
-0.051036
-0.044449
-0.038606
-0.046954
-0.048605
-0.054525
-0.042903
-0.036922
-0.025719
-0.021321
-0.029841
-0.026748
-0.016255
-0.018079
-0.023986
-0.038248
-0.033849
-0.020088
-0.017259
-0.012739
-0.025719
-0.034678
-0.039028
-0.025264
-0.028017
-0.009391
-0.030874
-0.029108
-0.031544
-0.025719
-0.028248
-0.018212
-0.023949
-0.005415
-0.007718
-0.005415
-0.003091
-0.005415
0.011507
-0.181191
-0.021524
0.005169
-0.003091
-0.002261
-0.005415
0.029471
0.001965
-0.044715
-0.003078
-0.010378
-0.010043
-0.005415
-0.004117
-0.195681
-0.007280
0.006793
-0.010874
-0.015072
-0.017314
0.199151
-0.002607
-0.257427
0.165860
-0.064280
-1.084094
0.166625
-0.059960
-0.237025
-0.077329
-0.031281
0.029143
-0.134610
-0.009054
-0.029128
-0.061023
-0.118495
-0.017982
-0.084461
-0.167784
-0.136634
0.016341
-0.040135
-0.029907
-0.051010
-0.274945
0.235199
-0.057653
-0.198486
-0.087268
-0.207240
-0.310777
-0.261439
-0.146728
-0.220457
-0.042331
0.001843
-0.191152
-0.192160
-0.094767
0.018290
0.000216
-0.000868
-0.007125
0.004212
-0.026582
0.019167
-0.007125
0.008159
-0.000781
-0.070368
-0.027085
-0.017608
-0.016027
-0.030483
-0.001956
0.007889
-0.000982
-0.041233
0.008828
-0.022059
-0.017653
-0.034278
-0.018468
-0.003730
-0.024547
-0.013680
-0.065923
-0.040965
-0.031555
-0.039619
0.032656
0.550759
0.039729
0.036123
0.039431
0.022358
0.036430
0.058296
0.046164
0.047815
0.255139
-0.429391
-0.441442
-0.081942
-0.052816
0.546834
0.207457
0.005595
-0.322073
-2.226269
-1.006145
0.220653
0.043701
0.046817
0.027053
0.062642
0.038215
0.056842
0.029206
0.022208
0.035340
0.026065
0.035340
0.056385
0.039652
0.031469
0.017663
0.005853
0.024725
0.167711
0.073042
-0.079174
0.020779
0.025658
0.114487
-0.146272
-0.122909
-0.138996
-0.208840
-0.044116
-0.042138
-0.036783
-0.042391
-0.039518
-0.042558
-0.039604
-0.042378
-0.047982
-0.041048
-0.037145
-0.038893
-0.046166
-0.044185
-0.039604
-0.039110
-0.043439
-0.044182
-0.035362
-0.033277
-0.047061
-0.045951
-0.054033
0.046139
0.065479
0.047675
0.423947
-0.067817
0.044616
0.095663
-0.149131
-0.054033
0.441585
0.087091
0.065121
-0.538673
0.252223
0.056678
-0.086939
-0.131972
0.174346
0.012179
0.120080
-0.092225
-0.146883
0.025757
0.095115
-0.020504
0.154922
0.028079
0.067069
0.058093
0.057020
0.536694
0.063446
0.065377
0.063204
0.049684
0.059598
0.067744
0.056700
-0.019007
-0.026022
0.002752
0.176909
-0.025096
0.115467
0.252160
-0.032040
0.007722
-0.031067
-0.604786
-0.065956
-0.179195
-0.133464
0.163108
-0.224133
-0.342428
-0.110784
-0.001390
0.091770
0.040162
0.077341
0.066498
0.023379
0.043536
-0.001473
0.070168
0.156193
0.092606
0.051660
0.010634
0.128772
0.077008
0.045873
0.088733
0.090557
0.065183
-0.020194
0.009392
0.040118
0.057149
0.028245
0.037381
0.097315
-0.009013
-0.018112
-0.022466
-0.041031
-0.016196
-0.008203
-0.022413
-0.011629
-0.015176
-0.020496
-0.024002
-0.022723
-0.022979
-0.024721
-0.022979
-0.022723
-0.004492
-0.021440
-0.015402
-0.024516
0.060617
0.056566
0.063298
0.061287
0.063202
0.066333
0.064653
0.077228
0.056713
0.061038
0.062374
0.058471
0.054682
0.056566
0.054265
0.033614
0.029469
0.028941
0.028811
0.028941
0.027192
0.123064
0.031973
0.036866
0.029349
0.031558
0.040051
0.032608
0.026193
0.029349
0.029469
0.030843
0.031621
0.029469
0.024518
0.025196
0.028714
0.021206
0.027454
0.035123
0.023934
0.016827
0.031834
0.025538
0.005124
0.023832
0.015196
0.018550
0.031670
0.016827
0.014473
0.018258
0.018199
0.021444
0.033647
0.006271
0.033398
0.031697
0.070026
0.033941
-0.027828
0.034657
0.001543
0.034317
0.030724
0.001678
0.010697
0.033647
0.069585
0.000739
0.034209
0.056206
0.039954
0.019491
-0.016053
0.020041
0.062788
0.017969
0.032193
0.066232
0.082710
0.105746
3.956440
0.097145
1.209031
-0.211701
0.225073
-0.161858
0.193474
0.408489
0.340563
0.291657
-0.024076
0.201101
0.214790
0.205072
0.245206
-0.027762
-0.027762
-0.020472
-0.026657
-0.023899
-0.028997
-0.027762
-0.018956
-0.061161
-0.022988
-0.035353
0.047431
0.036229
0.102109
0.079114
-0.048106
0.051671
0.045656
0.041188
0.043522
0.056896
0.071070
0.034330
0.036468
0.036464
0.014455
0.036464
0.036464
0.036464
-0.022695
0.081860
0.014617
0.085101
0.077777
0.069898
0.064411
0.013502
-0.013611
0.001839
0.011642
0.007423
-0.003422
-0.032644
-0.029211
0.069264
0.028579
0.012870
0.045067
0.054423
0.023815
0.037962
0.035737
0.039025
0.035121
0.036996
0.012959
0.063749
0.066471
0.030370
0.032393
0.023460
0.015513
0.087079
0.012780
0.021013
-0.032217
-0.084250
0.003802
0.010215
0.012965
0.010765
0.010298
0.011540
0.010215
0.016120
0.011540
0.014743
0.008895
0.015507
0.008799
0.009316
0.009553
0.011540
0.016378
0.006322
0.005554
0.009454
0.007328
0.010565
0.004746
0.016484
0.011596
-0.034322
-0.028362
-0.027560
-0.034588
-0.009080
-0.032963
-0.030881
-0.015906
-0.031397
-0.028257
-0.028362
-0.045058
-0.024962
-0.031397
-0.031397
-0.028255
-0.162115
-0.028362
-0.000794
-0.028801
-0.031397
-0.150109
-0.033416
-0.042810
-0.031397
-0.031397
-0.515914
0.540680
-0.070565
0.054001
0.048852
0.077604
0.208026
-0.112724
0.296795
-0.023097
0.203783
0.092103
0.047164
0.014664
0.017747
0.035188
-0.089774
0.052233
0.005446
0.036082
-0.034876
0.300891
0.089583
0.300009
-0.021323
0.028516
0.041151
0.026325
0.035798
0.022914
0.030398
0.036601
0.022914
0.027742
0.026943
0.031687
-0.026742
-0.023402
-0.028609
-0.027398
-0.019530
-0.026819
-0.026742
-0.024889
-0.024554
-0.020453
-0.025502
-0.023972
-0.029161
-0.027851
-0.025302
-0.027262
-0.032337
-0.027335
-0.023004
-0.030513
-0.029419
-0.021813
-0.017467
-0.029279
-0.027398
-0.029024
-0.025146
-0.027398
-0.024040
-0.027398
-0.003554
-0.009003
-0.013971
-0.015352
-0.011853
-0.013526
-0.011725
-0.001545
-0.004471
-0.000308
-0.016904
-0.009391
-0.016904
0.005965
-0.013971
-0.011301
-0.025821
-0.004799
-0.003327
-0.016904
-0.015299
-0.003886
0.003495
0.002707
-0.002731
0.420817
0.025847
0.031878
0.050042
0.025847
0.031404
0.043254
0.030722
0.040125
0.038926
0.031587
0.023491
0.031366
0.011640
0.032686
0.034636
0.036704
0.038128
0.029617
0.030538
-0.072102
-0.006914
0.174450
0.093150
0.102411
0.093150
0.107156
0.098826
-0.247784
-0.036434
-0.038748
-0.523638
-0.150214
-0.120479
-0.122013
-0.121249
-0.119192
-0.116577
-0.108407
-0.111795
-0.113182
-0.123123
-0.033917
-0.019326
-0.021191
-0.049301
-0.000837
-0.017896
-0.012214
-0.035240
-0.004823
-0.037803
-0.017482
-0.020491
-0.054323
-0.030582
-0.028368
-0.020491
-0.027182
-0.036055
0.039415
0.078044
0.049764
0.044610
0.042760
0.038829
0.050919
0.039168
0.053052
0.056081
0.042963
0.038829
0.039085
0.035729
0.007252
0.035996
0.030172
0.369225
0.279577
0.012013
0.035545
0.016501
0.057682
0.052149
-0.168520
-0.139390
-0.625053
-0.004778
-0.040319
-0.169721
-0.168808
-0.230658
0.119254
0.086587
-0.114755
-0.034472
0.021881
0.123682
0.017025
0.040263
0.088039
-0.059567
0.104675
0.055691
0.065476
0.022785
-0.123324
0.068127
0.012198
-0.198551
-0.071836
-0.115884
-0.032246
-0.055911
-0.019071
-0.561599
-0.151922
-0.138573
-0.242481
-0.124052
-0.155932
-0.161173
-0.204965
0.029276
0.031619
0.027082
0.027563
0.030400
0.024257
0.030158
0.031619
0.026737
0.032069
0.023158
0.027079
-0.003968
-0.021627
-0.022402
-0.040015
-0.031258
-0.021253
-0.032793
-0.039354
-0.057881
-0.028989
-0.029083
-0.034972
0.024475
-0.022402
-0.103354
-0.025088
-0.009279
-0.025412
-0.043992
-0.058618
-0.045905
-0.015446
-0.095520
-0.004480
-0.025517
-0.079113
-0.039685
-0.034262
-0.047573
-0.034766
-0.040388
-0.044428
-0.048236
-0.046252
-0.041863
-0.028483
-0.044428
-0.042237
-0.039242
-0.039078
-0.041395
-0.043339
-0.044673
-0.048236
-0.044673
-0.034014
-0.044428
-0.041282
-0.010575
-0.043548
-0.035813
-0.044428
-0.048236
-0.044428
-0.043889
-0.046864
-0.039076
-0.044428
-0.044428
-0.075350
-0.065159
-0.066850
-0.072851
-0.070997
-0.066847
-0.041683
0.137363
-0.069154
0.137363
-0.075989
-0.072851
-0.068796
0.137363
-0.062872
-0.069236
-0.074471
-0.074471
-0.074146
-0.074458
-0.072797
-0.075989
-0.078305
-0.072851
-0.076649
-0.068324
-0.065709
-0.076728
-0.054011
-0.065274
-0.071858
-0.074725
-0.072184
-0.130176
-0.001327
-0.003475
-0.005438
-0.001164
-0.000852
-0.002583
-0.002588
0.080869
0.081214
0.069469
0.051270
0.051270
0.051254
0.050157
-0.080528
0.033916
0.051270
0.047320
0.076605
0.056512
0.060662
0.060398
0.051254
0.054834
0.045520
0.056255
0.054303
0.048110
0.050157
0.052658
0.060986
0.059014
-0.004962
-0.082138
0.255423
0.051732
-0.001138
0.005571
0.002722
-0.002388
-0.011177
-0.012785
0.001194
0.002858
0.000749
-0.000670
-0.000670
-0.028159
-0.046331
-0.022887
-0.025541
-0.114247
-0.106181
-0.081332
-0.086552
-0.101833
-0.082443
-0.123659
-0.117440
-0.081228
-0.119061
0.047813
0.046234
0.012857
0.335610
0.028553
0.039375
-0.664390
0.039375
0.058566
0.050519
0.027676
0.039375
0.057544
0.033853
0.025689
0.025661
-0.058393
-0.044298
-0.093512
-0.050657
-0.059279
-0.059279
-0.043051
-0.140584
-0.051979
-0.051832
-0.086180
-0.068242
-0.068242
-0.077055
-0.063247
-0.080457
-0.083926
-0.065027
-0.099199
-0.063423
-0.065759
0.066495
0.021856
0.068804
0.092042
0.114836
0.026365
0.058644
0.058418
0.032904
0.026454
0.061558
-0.001994
-0.008194
-0.011328
-0.001494
-0.011328
-0.004167
-0.014601
-0.008257
-0.005682
-0.007068
-0.023068
-0.019212
-0.024122
0.006368
-0.005164
0.011688
-0.007132
0.000167
0.005395
-0.001355
-0.001355
-0.003042
0.005353
0.012368
0.006957
0.003989
0.031463
0.008161
0.003989
0.006428
0.003686
0.003686
0.007022
0.003686
0.014110
0.013752
0.074847
0.018536
0.009581
0.007764
0.038001
0.003686
0.007692
0.005700
0.011339
0.008917
0.003686
0.003341
0.010584
0.031342
0.001198
0.003686
0.007907
0.005886
0.121378
0.120522
0.144236
0.277843
0.238583
-0.049493
-0.050412
-0.049318
-0.051719
-0.048013
-0.050535
-0.045659
-0.053653
-0.049957
-0.057180
-0.043103
-0.050640
-0.046359
-0.048007
-0.051102
-0.049702
-0.051719
-0.050412
-0.048852
-0.051499
-0.051719
-0.048008
-0.046950
-0.050412
-0.049195
-0.053367
-0.050412
-0.052474
-0.046218
-0.053367
-0.052715
-0.044791
-0.050412
-0.055541
0.011446
-0.006311
-0.014325
0.023091
0.022884
0.022884
0.026299
0.020983
0.003287
0.095134
0.037341
0.025659
-0.002172
0.038998
0.018658
0.031561
0.016881
0.048963
0.027004
-0.136475
0.030975
0.049562
0.000849
-0.016282
-0.007545
-0.009633
0.049070
0.041604
0.048628
0.041604
0.011525
0.049862
0.045888
0.045888
0.052719
0.041604
0.059605
0.047055
0.034893
0.048628
0.041048
0.037641
0.064263
0.041722
0.062768
0.041604
0.045120
0.028593
-0.064078
-0.117916
0.032938
-0.209188
-0.156204
-0.171974
-0.033216
-0.033216
-0.028835
-0.009290
-0.021209
-0.058025
-0.029249
-0.036777
-0.032280
-0.028178
-0.027291
-0.031563
-0.022441
-0.029249
-0.028980
-0.037630
-0.051807
-0.045018
-0.034056
-0.036177
-0.021936
-0.061011
-0.039817
-0.064823
-0.030519
-0.029197
-0.038189
-0.028879
-0.034398
-0.033216
-0.068716
0.201645
0.101550
-0.088729
0.010054
0.015595
0.009809
0.012345
0.014030
0.016983
0.012529
0.011767
0.011141
0.014597
0.012345
0.011910
0.010703
0.010005
-0.003061
-0.000107
-0.001513
-0.006999
0.001518
-0.002470
0.003091
0.000209
-0.001051
-0.000191
-0.003516
-0.007705
-0.010338
0.056760
0.051583
0.002043
0.061424
0.045636
0.064723
0.045636
0.040176
-0.016778
-0.015831
-0.006028
-0.001394
0.024734
0.001044
0.012369
-0.020040
-0.031022
0.002334
0.004809
0.011220
0.013775
0.000497
0.002391
0.005321
0.010850
0.008085
-0.001429
-0.035015
-0.039319
-0.026910
-0.019918
0.015592
0.057614
0.009791
-0.021823
-0.706116
-0.000319
0.063340
-0.001498
-0.002867
-0.022177
-0.001150
0.043214
0.063044
0.043214
0.066155
0.048009
0.055048
0.054718
0.066155
-0.039461
0.057597
0.043686
0.050475
-0.005578
-0.015181
-0.012717
-0.034450
-0.014682
-0.013589
-0.014682
-0.082921
-0.035361
-0.009636
-0.036436
0.009194
0.001788
-0.013463
0.019598
0.021883
0.022756
0.023344
0.016601
0.019669
0.013738
-0.019310
-0.016115
-0.013013
-0.011678
-0.019230
-0.011683
-0.019278
-0.018809
-0.008564
-0.018173
-0.012304
-0.020389
-0.011339
0.018541
-0.015031
-0.005645
-0.014372
-0.013559
-0.012297
-0.024154
-0.020904
-0.018173
0.004882
0.009144
0.008173
-0.000916
-0.000916
0.012571
0.100606
0.007647
-0.007249
0.001014
0.042688
0.003548
0.003373
-0.000916
0.003623
0.009883
0.006384
0.006723
0.001009
-0.000916
-0.000916
0.013778
-0.000611
-0.000916
-0.000155
-0.000916
-0.167635
0.063247
0.061420
0.052809
0.046704
0.046704
0.046219
0.058845
0.050966
0.055682
0.050966
0.050339
0.046704
0.055485
0.054405
0.049407
0.058958
0.042338
0.049053
0.075504
0.046704
0.046704
0.046704
0.055829
0.048080
0.047020
0.046704
0.052926
0.053207
0.052180
0.047020
0.050369
-0.023353
-0.024039
-0.026264
-0.029874
-0.029241
-0.032144
-0.019442
-0.032144
-0.026518
-0.032144
-0.030053
-0.015221
-0.032144
-0.025665
-0.032144
-0.024923
-0.032144
-0.019485
-0.026067
-0.025572
-0.024294
-0.023127
-0.022539
-0.017588
-0.026258
-0.032144
-0.032988
-0.028102
-0.024463
-0.027415
-0.026989
-0.022388
-0.032144
-0.022210
-0.029023
-0.016392
-0.032144
-0.027519
-0.005167
-0.011651
-0.015197
-0.005687
-0.007248
0.000977
-0.014783
-0.007500
-0.005198
-0.003191
-0.039516
-0.022737
-0.047097
-0.038004
-0.015371
-0.039651
-0.045880
-0.045880
0.035411
-0.047156
-0.042062
-0.031163
-0.036442
-0.007516
-0.039611
-0.040344
-0.047156
-0.032969
-0.036245
-0.040344
-0.042718
-0.039456
-0.032545
-0.045880
-0.045880
-0.037013
-0.043777
-0.045880
-0.039456
-0.045880
-0.045880
-0.045880
0.004860
0.045748
-0.852215
-0.007070
0.089356
-0.002050
0.015279
-0.056689
0.068574
-0.049056
0.034378
0.028863
-0.019582
-0.022101
-0.048038
0.067007
-0.047019
0.028891
-0.019056
-0.028727
0.050044
0.035248
0.018402
0.044118
0.060351
0.147785
0.057138
-0.131684
0.019584
-0.045679
0.009404
-0.003283
-0.002673
-0.003283
0.003485
-0.001365
0.004212
-0.003283
0.002395
-0.000197
-0.003877
0.004372
0.007241
0.003520
-0.003283
-0.003283
0.001341
0.003485
-0.001982
0.004428
-0.001501
0.000196
0.004598
-0.001452
-0.003283
-0.001365
0.007751
-0.005433
0.004524
0.005760
0.005634
-0.007489
-0.003283
-0.000414
0.022069
0.042544
0.018547
0.006956
0.007776
0.006278
0.024881
0.006956
0.015344
-0.000603
0.017813
0.005003
0.002908
-0.018027
-0.017231
0.005753
-0.050484
0.003169
-0.021670
0.004657
-0.021670
-0.007979
-0.018926
-0.018426
-0.014158
-0.023692
-0.021670
-0.023490
-0.011416
-0.022886
-0.040110
-0.020108
-0.021670
-0.011144
-0.009000
-0.017819
0.037823
0.032848
0.032398
0.032220
0.036072
0.037032
0.035850
0.036834
0.039935
0.035108
0.034837
-0.070876
-0.106625
-0.098534
-0.086924
-0.109853
-0.094777
-0.091497
-0.129968
-0.125148
-0.067277
-0.080773
-0.091497
-0.087153
-0.090454
-0.082893
-0.069878
-0.083113
-0.115348
-0.094634
-0.031346
-0.021224
-0.030390
-0.056478
-0.047277
-0.039724
-0.036495
-0.030114
-0.058660
-0.068008
-0.046610
-0.031383
-0.034729
-0.030114
-0.052503
-0.075823
-0.101962
-0.148163
-0.091360
-0.095132
0.027727
0.004794
0.013351
0.003358
-0.008647
-0.039052
-0.023135
-0.005928
-0.008371
-0.001018
0.122026
0.008322
0.003358
0.011820
-0.027863
-0.000982
0.009360
0.034763
0.077960
-0.032480
-0.033396
-0.013736
0.006473
-0.029303
-0.048493
-0.043394
-0.063682
-0.029303
-0.029458
-0.031062
-0.018518
-0.057754
-0.029303
-0.009619
-0.009466
-0.027762
-0.032477
-0.044732
-0.029303
-0.003418
0.001720
-0.000079
-0.004178
-0.008334
-0.003418
-0.003437
-0.004164
0.001946
-0.000884
-0.004164
-0.003470
-0.002872
0.005242
0.003085
-0.002585
0.001238
0.001304
-0.006202
0.002452
0.003136
0.005430
0.006714
-0.008590
-0.003418
0.060913
0.060909
0.115887
0.099766
0.213574
0.057660
0.204314
0.020818
0.017742
-0.254836
0.038146
0.493930
0.988267
0.187692
0.281752
0.030432
-0.291007
0.106397
0.013682
0.049315
0.131466
0.044385
0.028895
-0.002563
0.008083
-0.013355
0.017712
0.017712
0.002551
0.015985
-0.018110
0.023303
0.003389
0.011605
0.084276
0.028477
0.040932
0.017307
0.029156
0.024247
0.016849
-0.006142
0.042405
-0.013568
0.083308
0.076438
0.074271
0.095528
0.113901
0.084403
0.220686
0.068122
-0.099751
-0.092033
-0.095018
-0.090772
-0.086006
-0.095300
-0.095018
-0.095018
-0.095018
-0.095018
-0.101091
-0.095018
-0.105594
-0.103370
-0.098590
-0.100113
-0.101341
-0.005868
-0.006790
-0.004263
-0.008732
0.003538
-0.003052
-0.004052
0.004231
0.008030
-0.003349
-0.007369
-0.000547
-0.010634
-0.002406
-0.010492
-0.011097
-0.001943
-0.007369
-0.001459
-0.007369
-0.007369
-0.007369
0.014204
0.031612
0.017468
0.009812
0.022391
0.021184
0.019460
0.012735
0.012478
0.013301
0.019302
-0.003223
0.016768
0.014075
0.009079
0.018625
0.019460
0.004912
0.024642
0.007292
0.031603
0.017906
-0.085774
-0.044091
0.004570
-0.006185
0.021036
0.007704
-0.003380
-0.000123
0.009773
-0.006185
0.002094
0.013754
0.006049
0.000257
-0.002974
0.002445
0.005955
0.011212
-0.003520
0.007620
0.000257
-0.001119
0.000257
0.007653
-0.003520
-0.000141
-0.003039
0.079582
0.075491
0.072498
0.076396
0.076396
0.074852
0.129015
0.083318
0.083392
0.076396
0.093660
0.080896
0.082516
0.082317
0.078641
0.065365
0.093654
0.086786
0.092056
0.072631
0.064632
0.104062
0.079420
0.076396
-0.045657
-0.001754
-0.057854
-0.020009
-0.020009
-0.020009
-0.024773
-0.012268
0.014672
-0.006282
0.062227
-0.018616
-0.020009
-0.007020
-0.019670
-0.022839
-0.021561
-0.020313
-0.052283
-0.012209
-0.025484
-0.211668
-0.021522
-0.050964
-0.031874
-0.081797
-0.012258
-0.003604
-0.041752
-0.039826
0.040337
0.025884
-0.002807
0.006986
0.009979
0.023830
-0.037886
0.011945
-0.028025
-0.025187
-0.032220
-0.028025
-0.038191
-0.026153
-0.032857
-0.034273
-0.029337
-0.046240
-0.025187
-0.028563
-0.032303
-0.046957
-0.054504
-0.215302
-0.056588
-0.062033
-0.091701
-0.056588
0.000124
-0.077987
-0.060366
-0.096224
-0.056588
-0.006743
-0.214604
-0.056588
-0.056588
-0.064134
-0.056588
-0.065198
-0.109273
0.160838
0.161746
-0.101040
0.343851
0.007439
-0.095298
0.023998
0.019249
-0.363630
0.030176
-0.055836
-0.046306
-0.044528
-0.038967
-0.034696
-0.055353
-0.062607
-0.054273
-0.067749
-0.050053
-0.068282
-0.074766
-0.038967
0.027200
0.027719
0.024034
0.019934
0.027200
0.015525
0.019648
0.021074
0.025766
0.019294
0.030137
0.027629
0.020970
0.019648
0.027188
0.026464
0.021074
0.019648
0.022068
0.020897
0.023309
0.019648
0.013679
0.023655
0.026953
0.019648
0.015317
0.019225
0.113652
0.113652
-0.018168
-0.009135
-0.018168
-0.026577
-0.020315
-0.007583
-0.008844
-0.018359
-0.013828
-0.017326
-0.000945
0.002120
-0.003876
0.031528
0.097041
0.084636
-0.063294
-0.061778
-0.064155
-0.061073
-0.058436
-0.067832
-0.061778
-0.064318
-0.076275
-0.061651
-0.075070
-0.077564
-0.058795
-0.073966
-0.045660
-0.060250
-0.055070
-0.069592
-0.060830
-0.078752
-0.066358
-0.071633
-0.066358
-0.064988
-0.060512
-0.072066
-0.084936
-0.050232
-0.076940
-0.080256
-0.060512
-0.061156
-0.069592
-0.078892
-0.288347
0.541040
-0.399452
-0.117994
-0.049186
-0.285730
-0.006709
-0.007008
-0.016925
-0.014713
-0.010520
-0.014713
-0.016925
-0.014713
-0.018993
-0.014556
-0.010433
-0.000346
-0.009312
-0.014964
-0.010861
-0.011300
-0.011453
-0.006525
-0.013922
-0.015977
-0.011300
-0.011672
-0.014152
-0.007654
0.022402
-0.010076
-0.008655
-0.013921
-0.011150
-0.016925
-0.038837
-0.011571
-0.030509
-0.025356
-0.041542
-0.017707
-0.015242
0.003753
0.013802
-0.006444
0.027204
-0.000141
0.028756
0.003177
0.011404
-0.004470
-0.010587
-0.004467
-0.001865
0.040446
-0.071760
-0.659675
0.092689
-0.207294
-0.129924
-0.125372
-0.019298
-0.028778
-0.020783
-0.026784
-0.020174
-0.025791
-0.154630
-0.035435
-0.021454
0.019191
-0.038011
-0.008550
-0.038487
-0.174153
-0.024694
-0.161479
-0.026946
-0.079615
-0.024520
-0.016611
-0.025724
-0.016798
-0.021506
-0.025058
-0.024655
-0.008573
-0.025058
-0.005597
-0.019226
-0.023999
-0.016707
-0.017729
-0.025058
-0.025058
-0.052779
-0.022405
-0.018984
-0.018620
-0.019796
-0.016707
-0.034974
-0.066155
0.014717
-0.025058
-0.022359
0.009997
-0.012396
0.003275
0.030946
-0.064752
-0.104818
-0.078520
0.124981
-0.077441
-0.010443
-0.024346
0.028037
0.346042
0.048660
0.063723
0.057039
0.048355
0.048959
0.051013
0.053962
0.050061
0.043553
0.056773
0.043803
0.050758
0.051598
0.048660
0.031008
0.000688
0.023588
0.026470
0.030597
0.012232
0.025628
0.038743
0.022039
0.022039
0.034871
0.024685
0.022039
0.030597
0.040708
0.000365
0.043515
0.021704
0.025338
0.000907
-0.059809
-0.042911
-0.084592
-0.072145
-0.035693
-0.050566
-0.755132
-0.063649
-0.130290
-0.058042
-0.060146
-0.066672
-0.066672
-0.068108
-0.056236
-0.058042
-0.076566
-0.072379
-0.073076
-0.086234
-0.089389
-0.058042
-0.065177
-0.033161
-0.014516
-0.037589
-0.037054
-0.037589
-0.026261
-0.026260
0.058910
-0.037589
-0.035308
-0.030489
-0.031602
-0.037589
-0.032501
-0.037589
-0.030645
-0.037589
-0.037589
-0.032261
-0.037589
-0.036447
-0.029004
-0.000245
-0.036023
-0.037589
-0.037589
-0.034631
-0.037361
-0.041972
-0.040079
-0.037589
-0.037589
-0.037589
-0.037674
-0.038448
-0.043322
-0.035103
-0.037109
-0.036813
-0.041235
-0.042330
-0.044325
-0.039306
0.025636
0.026895
0.025111
0.038031
0.022023
0.025479
0.024937
0.023900
0.038247
0.022023
0.034732
-0.117553
-0.014549
-0.013503
-0.025471
-0.035026
-0.029518
-0.817177
-0.043748
-0.029087
-0.004624
-0.029087
-0.055331
0.182823
-0.045155
-0.057816
0.257637
0.122203
-0.224275
0.039449
0.210211
0.086712
0.061534
0.062235
0.088832
0.027905
0.547336
0.099797
-0.081699
-0.033835
0.024637
-0.103354
-2.473783
0.075467
0.081508
0.086552
0.079729
0.076377
0.082686
0.085474
0.085502
0.062821
0.060758
-0.049488
0.058248
0.073105
0.072975
0.051966
0.102335
0.084870
0.068983
0.075457
0.157524
-0.248885
-0.011239
-0.000086
0.017528
0.022019
0.121154
-0.023930
-0.006211
0.089555
-0.046263
0.017621
0.012542
0.018437
-0.006360
0.092890
0.026592
-0.033823
0.080845
0.069060
0.103340
-0.016573
0.019798
0.017025
0.015407
-0.030598
0.019033
0.095609
0.067455
0.074511
0.074834
0.082501
0.093699
0.125076
0.058581
0.074511
0.101568
0.078030
0.069001
0.074976
0.074511
0.098440
0.082311
0.075868
0.004793
0.072765
0.066361
-0.095110
-0.085660
-0.106300
-0.089467
-0.091391
-0.079019
-0.063107
-0.098900
-0.079019
-0.092536
-0.110788
-0.099222
-0.086768
-0.107282
-0.086408
-0.084371
-0.091820
-0.101039
0.000810
-0.034264
-0.119704
0.090923
-0.272750
-0.449774
-0.123794
-0.183058
-0.012477
-0.069771
-0.324175
-0.309232
0.103110
0.010751
0.070503
0.025186
0.070503
0.040784
0.055427
0.040228
0.032549
0.039902
0.059815
0.036487
-0.024385
-0.026456
-0.024385
-0.023740
-0.027336
-0.025211
-0.029266
-0.026856
-0.023782
-0.023250
-0.019463
-0.046910
-0.068761
-0.030930
-0.059366
-0.002100
-0.046910
-0.080475
-0.043441
-0.065346
-0.028834
-0.053460
-0.043910
-0.055139
-0.067286
-0.050693
-0.066267
-0.038047
-0.057664
-0.021233
-0.056938
-0.041665
-0.038010
-0.040110
-0.073848
0.040341
0.084497
0.025520
0.016300
0.049145
0.004421
0.041789
0.030882
0.038103
0.078718
0.024941
0.013465
0.026021
0.038305
0.041428
0.036636
0.026338
0.030882
0.028899
0.008688
-0.020212
-0.018965
-0.021039
-0.026873
-0.014558
-0.020678
-0.026746
-0.019059
-0.034903
-0.021039
-0.019863
-0.022933
-0.035857
-0.120755
-0.297373
0.076493
0.053510
0.355991
-0.052097
0.048223
0.374446
0.130078
0.068214
-0.016077
0.062338
0.152844
0.115264
-0.185852
-0.082961
-0.219104
0.083748
-0.580359
-0.042277
-0.230462
-0.619579
0.049066
-0.681562
-0.000670
0.057053
0.208812
-0.295249
-0.043766
0.006068
-0.050316
-0.039650
-0.113943
-0.108848
-0.127320
0.040961
0.012858
-0.012460
0.014190
0.005882
0.047957
0.025938
0.009613
0.005170
-0.004728
-0.040574
-0.011678
-0.008307
-0.004938
-0.004211
-0.010033
0.007919
-0.006847
-0.004728
-0.004728
-0.012100
-0.004737
0.027223
0.000242
-0.004728
-0.015510
0.031457
0.031457
0.042873
0.009115
0.022610
0.027311
0.030568
0.030548
0.031257
0.034876
0.052944
0.018207
0.026843
0.031742
0.031457
0.049268
0.036947
0.036798
0.050367
0.024616
0.024664
0.019693
0.046213
0.020323
0.060393
0.058359
0.010406
0.063693
-0.021883
-0.245441
-0.122227
-0.008422
-0.014889
0.010896
0.029948
0.028190
0.001926
0.036999
0.034554
0.030410
0.008233
0.030930
0.030022
0.401121
0.007946
0.015151
0.030326
0.026744
0.034191
0.005381
0.007425
-0.598879
0.006326
0.011667
0.009928
0.006326
0.012924
0.013859
0.001734
0.001122
0.016084
0.007946
0.023268
0.014109
0.016029
-0.000496
-0.018841
0.008039
-0.005586
-0.001102
0.014599
-0.028056
-0.017970
-0.004060
-0.076021
-0.006763
-0.006763
-0.007459
-0.009633
-0.069513
-0.058392
-0.052721
-0.058392
-0.042822
-0.051150
-0.009484
-0.058392
-0.064735
-0.075715
-0.058392
-0.058392
-0.023642
-0.068856
-0.068384
-0.059008
0.112063
-0.058392
-0.058392
-0.157171
-0.272078
0.043680
0.140804
0.033798
0.026847
0.037621
0.050222
0.152149
0.069121
0.013410
0.022379
0.043700
-0.067505
0.057742
0.043723
0.055913
0.023962
0.076185
0.058666
0.048087
0.036603
0.077641
0.148491
0.053013
0.069660
0.037163
0.006229
0.052658
0.021349
0.044153
0.060062
0.093930
0.101612
0.062435
0.029344
0.055703
0.046067
0.086876
0.043700
0.018476
-0.102939
0.069974
0.052175
0.028299
0.039643
-0.117845
0.020674
0.040720
0.037108
0.039932
0.043190
0.033699
0.026347
0.046132
-0.023244
0.026347
0.043701
0.035903
0.035144
0.005887
0.075855
0.015959
0.026675
0.026347
0.032179
0.023913
-0.004998
0.026347
-0.069543
-0.082278
-0.067936
-0.069102
-0.135775
-0.073935
-0.075629
-0.045309
-0.061835
0.009695
0.009232
0.016304
0.026194
0.012003
0.013470
0.029425
0.030691
0.001800
0.034505
0.044070
0.029567
0.031320
0.017673
-0.026955
0.032225
0.051111
-0.003930
0.045218
0.081152
0.028939
0.032067
0.023724
0.042817
0.035548
0.033428
0.053150
0.044831
0.053275
0.034505
0.065943
0.034505
0.036058
0.062546
-0.048383
0.034626
0.036481
0.077537
0.034505
0.034505
0.043116
0.034505
0.096060
0.099500
0.086485
0.084280
0.084064
0.107121
0.084064
0.110922
0.097166
0.103234
0.088463
0.083354
0.086485
0.086485
0.089177
0.093867
0.087281
0.066338
0.083931
0.085357
-0.025853
0.169550
0.008816
-0.013490
0.008919
0.029185
0.012816
-0.015443
0.022361
0.005012
-0.029214
-0.123327
-0.005335
-0.010147
-0.008049
-0.009785
-0.007562
-0.008087
-0.011687
-0.009785
-0.009411
-0.008697
-0.193022
-0.120697
-0.120346
-0.099803
-0.099700
-0.178177
-0.105930
0.005150
0.010215
0.006127
0.006489
0.006125
0.004066
0.001658
0.006329
-0.001558
-0.001847
0.011496
-0.016183
-0.016745
-0.012206
-0.015618
-0.010623
-0.021661
-0.012282
-0.019693
-0.013487
-0.044948
-1.413969
0.339985
-0.051617
-0.082022
0.586031
-0.029530
-0.049334
-0.045114
-0.051617
-0.031556
-0.038525
-0.050973
-0.051617
-0.038724
-0.065277
-0.049719
-0.051617
-0.038787
-0.045873
-0.035159
-0.052093
-0.077520
0.097753
0.089807
0.090007
0.107743
0.086425
0.110439
0.092600
0.099975
0.107903
0.106857
0.101020
0.111902
0.123561
0.112274
0.097447
0.114036
-0.008006
-0.086935
-0.021288
-0.140322
0.064993
0.009839
0.085461
-0.021679
0.013380
-0.013917
-0.046763
-0.036980
-0.029023
0.229064
-0.138072
-0.018694
0.040429
-0.026478
-0.036547
-0.201689
-0.095677
-0.088214
0.155830
-0.317885
-0.413714
-0.396854
-0.011579
-0.370906
-0.023333
-0.016424
0.106604
-0.007687
-0.005393
-0.001013
0.007820
-0.010156
-0.005363
0.085110
0.028071
0.032229
0.036204
0.025010
0.050245
0.079767
0.080339
0.066270
0.048203
0.160011
-0.085489
-0.526355
-0.020120
-0.100481
-0.017370
0.100436
-0.075809
-0.009799
-0.012398
-0.016123
-0.013253
-0.014186
0.012404
-0.007710
-0.031838
-0.024980
-0.015299
-0.013486
-0.010143
-0.013253
-0.043620
-0.015299
-0.019115
-0.015299
-0.022168
-0.017577
-0.033198
-0.004592
-0.017577
-0.016453
-0.013253
-0.023166
-0.016478
-0.018688
0.004319
0.022094
-0.012147
0.005141
0.014063
0.014692
-0.010727
0.010836
-0.024729
0.005619
-0.007235
-0.001184
0.028900
-0.025531
0.001219
0.024011
0.009756
0.017248
0.003657
0.018663
0.021131
-0.024627
-0.026159
-0.019426
-0.027844
0.263456
-0.028184
-0.053689
-0.037637
-0.022880
-0.056367
-0.042645
-0.027347
-0.049055
-0.034191
-0.030320
-0.047483
-0.035237
-0.045661
-0.026336
-0.061492
-0.038634
0.149380
0.305332
0.264073
0.650590
-0.178049
0.168041
0.693483
0.162910
-0.013076
-0.007362
-0.009292
-0.012982
-0.007440
-0.006776
-0.006480
-0.007362
-0.004269
-0.009271
-0.008340
-0.001413
-0.008181
-0.007584
-0.002756
-0.007362
-0.005880
-0.011094
-0.007593
-0.009528
-0.016600
-0.004251
-0.007563
-0.012631
-0.000913
-0.011502
-0.007612
-0.001017
-0.099621
-0.064316
0.197457
-0.103755
-0.103755
-0.103755
0.135573
-0.103755
-0.209231
0.307370
0.231323
0.088701
0.101935
-0.502835
-0.171916
-0.258372
-0.185438
-0.258365
0.031109
-0.031672
0.059869
0.164891
-0.057917
-0.201763
-0.052592
-0.281474
0.576277
0.098717
0.125738
0.065741
0.004096
0.125927
-0.017240
-0.025291
0.009292
0.078716
0.041176
-0.007196
0.015601
0.059073
0.042044
0.037175
0.036610
0.078451
0.127238
0.047062
0.029379
0.027619
0.033539
-0.017108
0.024453
0.024453
0.042253
0.043190
0.005022
0.015030
0.032484
0.044346
0.015822
-0.051184
-0.067922
-0.053306
-0.047886
-0.048324
-0.059278
-0.057993
-0.092075
-0.046805
-0.048691
-0.048985
-0.050427
-0.052831
-0.047938
-0.043503
-0.073480
-0.044459
-0.045209
-0.042933
-0.054470
-0.000143
0.033622
-0.005764
0.044832
-0.033096
0.014389
0.034985
-0.228324
0.079773
-0.062861
-0.032960
-0.032141
0.005573
0.037253
0.035294
-0.001544
-0.040414
0.002660
-0.005297
-0.017539
-0.162429
-0.017845
-0.268146
-1.140551
-0.258613
-0.552758
0.039654
0.037600
0.035496
0.037971
0.036924
0.040414
0.039654
0.041439
0.037810
0.036091
0.033156
0.037312
0.016556
0.009110
0.006866
0.014970
0.011036
0.008702
0.009284
0.009997
0.007030
0.006866
0.039911
-0.007997
0.007182
0.018057
0.010291
0.007479
0.015078
0.027379
0.005051
-0.001924
0.006295
0.013686
0.010503
0.007987
0.009650
0.006866
-0.044376
-0.023055
-0.128418
0.007667
0.007077
0.004783
0.005203
0.009806
-0.047591
0.051057
-0.019565
0.133851
-0.047591
0.003654
0.026785
-0.033335
-0.079758
-0.375254
0.149679
1.398948
-0.019308
-0.018631
-0.031111
-0.015479
-0.021088
-0.018331
-0.011827
-0.005283
-0.034502
-0.031136
-0.029332
-0.017432
-0.040044
-0.017533
-0.050528
0.138137
-0.176196
-0.010073
-0.014004
-0.006962
-0.032278
0.004422
0.023613
0.025681
0.020918
0.022073
0.022498
0.023534
0.024487
-0.012609
0.022036
0.023327
0.023547
-0.045806
-0.042971
-0.042213
-0.042989
-0.042817
-0.040976
-0.039989
-0.041639
-0.041639
-0.041639
-0.044664
-0.041639
-0.041639
-0.042314
-0.045000
-0.025140
-0.051289
-0.045012
0.010359
0.003635
0.003635
0.008724
0.003286
0.008586
0.003052
0.003052
0.012881
0.008152
0.004688
0.005629
0.008273
0.002957
0.007790
0.004264
0.013298
0.010427
0.004264
-0.015563
-0.013101
-0.014458
-0.012983
-0.012952
-0.015563
-0.012571
-0.015563
-0.015086
-0.016619
-0.012984
-0.021947
-0.017438
-0.020032
-0.017078
-0.025914
-0.016629
-0.010498
-0.041944
-0.032220
-0.024911
-0.014433
-0.016629
-0.018329
-0.016629
0.015209
-0.002787
-0.019239
-0.017901
-0.011219
-0.011965
-0.023641
-0.018592
-0.016629
-0.158315
0.219611
0.070749
0.165035
-0.070877
-0.005484
0.007557
0.014453
-0.010617
0.009587
0.030109
-0.000012
0.036333
0.036333
0.033024
0.024476
0.026355
0.029601
-0.005753
0.034755
0.009505
-0.006774
0.029938
0.029727
0.055640
0.106888
0.053120
0.087186
0.059982
0.025994
0.057598
0.063779
0.033275
0.050799
0.146036
-0.007593
-0.164719
-0.070632
-0.043523
-0.071386
-0.082534
-0.057580
-0.078854
-0.127384
-0.086408
-0.008368
0.048518
0.057170
0.076041
0.052019
0.031636
0.051528
-0.105968
-0.212447
-0.212447
0.073076
0.088789
0.072783
0.077636
0.068789
0.075303
0.077324
0.077071
0.075154
0.074542
0.072585
0.080620
0.074811
0.084914
0.081299
0.072783
0.074542
0.084222
0.070454
0.077049
0.076303
0.088955
0.070567
0.011320
0.011329
0.008035
0.009134
0.003850
0.007364
0.008557
0.023962
0.023561
0.016145
0.013004
0.038725
-0.016626
-0.004579
0.011320
0.016255
0.008694
0.014081
-0.132129
0.011209
0.011320
0.034840
0.018916
0.015190
0.014936
0.011320
0.011320
0.015190
-0.040308
-0.122605
-0.047526
0.011320
0.011104
-0.047386
-0.050444
-0.056315
-0.053583
-0.063577
-0.052208
-0.139150
-0.066245
-0.077610
-0.045080
-0.056315
-0.023084
-0.043092
-0.023210
-0.034539
-0.095864
-0.023573
-0.049692
0.054004
0.060367
0.045442
0.043297
0.050920
0.065138
-0.042103
0.050920
0.075426
0.073685
0.036592
0.043378
0.048550
0.079812
0.042989
0.056368
0.046809
0.048323
0.043378
0.060273
0.068631
0.040421
0.099567
-0.010222
-0.009779
-0.006027
-0.010839
-0.020352
-0.008694
-0.005951
-0.007893
-0.005951
-0.004576
-0.008539
-0.009453
-0.010778
-0.011613
-0.006595
0.235373
-0.075173
-0.064860
0.037096
0.103996
-0.029791
0.295295
0.118148
0.018443
-0.063453
-0.058488
-0.051855
-0.027134
0.021360
-0.032862
0.015658
0.028297
-0.025971
-0.040245
-0.039950
-0.134918
0.011016
-0.093409
-0.076958
-0.048156
-0.071602
0.006668
-0.055367
-0.068269
-0.035081
-0.083696
-0.009800
-0.043117
0.025899
-0.009497
-0.145044
-0.070403
-0.083265
-0.058780
0.014256
0.021980
0.036317
0.045662
0.035311
0.038917
-0.074794
0.093456
0.152576
0.154498
-0.144109
-0.006544
0.119014
-0.206302
0.016341
-0.027545
-0.094059
0.024214
-0.011509
0.032307
0.010923
-0.004904
0.017152
0.019849
0.024766
0.014472
0.020350
0.020825
0.007806
0.019646
0.019646
0.020319
0.019028
0.015992
0.015060
0.001485
0.001485
0.000019
0.005699
0.003619
0.006804
0.001954
0.014799
0.003619
0.006651
0.008106
-0.028993
0.006653
0.005123
0.007027
0.004739
0.007370
-0.008806
0.007379
0.089197
0.092292
0.030224
0.095968
0.078882
0.084918
-0.008517
-0.003972
-0.004366
-0.007325
-0.003986
-0.003986
-0.009026
-0.016095
-0.004970
0.014819
0.026384
0.008074
0.002323
0.005151
-0.601451
0.008074
0.010340
0.006599
0.017538
0.007557
0.005039
0.002323
0.008093
0.000741
0.014430
0.002323
0.015805
0.017404
-0.011214
-0.025889
0.017778
0.007843
-0.001730
-0.003059
-0.004586
-0.004023
-0.003541
-0.005749
-0.007107
-0.001962
-0.005917
0.002185
-0.007570
-0.010564
-0.001171
-0.001962
-0.001730
-0.001962
-0.004047
-0.005057
-0.013720
-0.002268
0.001608
-0.003908
-0.004664
-0.004829
-0.003100
-0.016097
-0.009257
-0.009112
0.015852
-0.004842
0.029856
-0.003069
0.011455
-0.014880
-0.046555
-0.024347
-0.024426
-0.017255
-0.022935
-0.019760
-0.022986
-0.022804
-0.022935
-0.025267
-0.020703
-0.019791
-0.019936
-0.017069
0.000491
-0.048327
-0.040986
-0.001749
-0.004200
-0.001300
0.011547
0.001662
-0.005425
-0.001300
0.003941
0.025044
-0.003355
-0.004697
0.013049
0.009990
-0.004522
-0.003515
-0.001300
0.021081
-0.009934
-0.198190
0.002957
0.000480
-0.002199
-0.005291
-0.008716
-0.006821
0.021991
0.000638
0.002477
0.007448
0.018468
0.010603
-0.005291
-0.010375
0.022004
0.000638
0.004990
-0.001491
-0.008716
-0.005624
-0.017105
-0.011561
-0.008635
-0.007784
-0.008971
-0.008560
-0.011553
-0.027315
0.012054
-0.044033
-0.040923
-0.068987
-0.016700
-0.013042
-0.023672
-0.044915
0.069879
0.017807
-0.149401
-0.016796
0.007140
-0.012411
-0.034196
-0.037039
-0.019460
0.042726
-0.057557
-0.018858
-0.033440
0.289623
0.001307
0.089663
-0.085347
-0.019471
-0.006104
0.050114
-0.018433
0.085883
-0.057253
-0.051471
-0.039188
-0.240645
-0.017831
-0.044093
-0.019369
0.017122
0.145235
0.041728
-0.019766
0.081072
0.106412
0.054488
0.007224
0.003270
0.042440
-0.125967
0.006844
-0.071204
-0.124048
-0.000256
-0.081369
-0.127289
-0.321901
0.004202
-0.338778
-0.065357
0.015903
0.108554
0.010666
0.013519
-0.030620
-0.025891
-0.026361
-0.033531
-0.034789
-0.029625
-0.027552
-0.030494
-0.027919
-0.030156
-0.033878
-0.035099
-0.036734
-0.047111
-0.060315
-0.069937
-0.018482
-0.053268
-0.057014
-0.048986
-0.060124
-0.061548
-0.055625
-0.058592
-0.061548
0.025004
-0.974996
-0.063187
-0.061548
-0.054695
-0.048061
-0.062840
-0.064159
-0.058453
-0.064159
-0.054681
-0.079371
-0.062091
-0.059365
-0.063993
0.025004
0.005124
0.145260
0.161987
-0.016330
0.212272
0.045494
-0.051865
-0.044166
-0.014314
-0.252095
0.084885
-0.162589
-0.086682
-0.013140
-0.007701
0.007245
-0.022800
-0.000726
-0.384723
-0.099864
-0.064423
-0.348831
-0.034710
-0.066202
0.138677
-0.011989
-0.137161
0.066256
0.202381
0.050747
0.255584
-0.039752
-0.119058
-0.044596
0.080127
-0.122294
-0.282770
-0.125076
-0.334196
-0.201432
-0.032677
-0.033903
-0.044375
0.137200
-0.104225
-0.122036
-0.080724
-0.031117
-0.164033
-0.356317
-0.120133
-0.014610
-0.116888
-0.035229
0.060246
0.296001
0.232900
0.034335
0.034131
-0.032213
-0.046025
0.057325
0.062594
-0.091425
-0.021990
-0.011208
-0.307526
0.026420
-0.008012
-0.023094
0.197114
-0.022553
0.197114
-0.021194
-0.022553
-0.003875
-0.057503
-0.022553
-0.043018
-0.024564
-0.102051
-0.031727
-0.022171
-0.016150
-0.018199
-0.013432
-0.018467
-0.020826
-0.018487
-0.026050
-0.016411
-0.021760
-0.023027
-0.026050
-0.016070
-0.026050
-0.016111
0.006089
0.007945
-0.021978
0.011426
0.001410
0.030462
0.004845
-0.006295
0.001737
-0.006967
0.002502
0.010720
-0.000286
-0.052828
-0.064643
-0.056574
-0.073052
-0.065674
-0.073052
-0.063076
-0.073052
-0.073052
-0.059637
-0.060415
-0.060360
-0.073052
-0.073052
-0.097158
-0.066305
0.138490
0.003008
0.137200
0.130917
0.131124
0.128692
0.149480
0.131678
0.139641
0.117758
0.132392
0.201487
-1.143933
0.170790
-1.005584
-0.417443
-1.644217
0.227965
0.352631
0.238030
-0.073701
0.614235
0.013525
0.045379
-0.110868
0.048680
0.030786
0.039964
0.038503
0.045854
-0.089767
0.030406
0.023190
0.025417
0.032611
0.057581
0.038503
-0.006144
0.062003
0.161952
0.064295
-0.060786
-0.005601
0.076552
0.068147
-0.005308
0.126204
0.076552
0.011724
0.029042
0.024688
0.041195
0.004947
0.005297
0.004363
0.004363
0.010701
0.004239
-0.001613
0.004235
0.007017
0.005578
-0.080037
-0.001039
-0.053842
-0.069167
-0.025471
-0.033200
-0.026849
-0.036432
0.001550
-0.010950
0.028860
0.016112
-0.030908
-0.018577
0.001846
0.016419
-0.039734
-0.094732
-0.021172
-0.085269
-0.064270
-0.029052
0.187134
0.297766
0.190339
0.432377
0.196920
0.439040
0.432613
-0.470580
0.197966
-0.040153
-0.047122
-0.043305
-0.041345
-0.044963
-0.047193
-0.043348
-0.043597
-0.016603
-0.042492
-0.187129
-0.051201
-0.056832
-0.045355
-0.030775
-0.025182
-0.041316
-0.035829
-0.040212
-0.058607
-0.044963
-0.031130
-0.044963
-0.055290
-0.042827
-0.045355
-0.044963
-0.039114
-0.201887
-0.034669
-0.053890
-0.102571
-0.048468
-0.194726
-0.042478
-0.105462
-0.052846
-0.046181
0.046764
0.047784
0.046764
0.050396
0.047956
0.047956
0.044936
0.049541
0.042386
0.052710
0.047956
0.047737
0.043238
0.051583
0.046923
0.047956
0.047986
0.047956
0.049983
0.052012
0.048917
0.048062
0.048735
0.053866
0.047956
0.046961
0.044643
0.045897
0.044969
0.050506
0.004990
-0.009211
0.002688
0.014960
-0.003213
-0.014947
-0.017848
0.002688
-0.030518
-0.004516
0.002688
-0.019031
-0.024298
-0.005698
-0.066883
0.392222
-0.019850
-0.029846
-0.615065
-0.028492
-0.019141
-0.025678
-0.032124
-0.031490
-0.048916
-0.017264
-0.034120
-0.049625
-0.066362
-0.024113
0.116466
-0.097710
-0.017877
-0.099229
-0.212203
-0.085132
-0.050035
0.013896
-0.014851
0.073507
0.032081
0.015500
0.056125
0.019032
-0.100442
-0.078910
0.013434
0.010461
0.134755
0.017455
0.071206
0.020202
-0.019528
0.027824
-0.038172
0.001342
0.014529
0.013911
-0.048581
-0.145628
0.087541
-0.548086
0.056783
0.010020
0.031717
0.044340
0.022666
-0.021290
0.024431
-0.097173
0.020270
0.033749
0.022594
0.019355
0.025453
0.026516
0.053834
-0.033338
0.021553
-0.000816
0.046750
-0.123408
0.040652
-0.065041
0.849034
0.716694
0.623527
-0.823044
-1.673318
0.039420
0.038316
0.033464
0.035284
0.031693
0.038499
0.036557
0.036557
0.042412
-0.034750
-0.028706
-0.033255
-0.037307
-0.031486
-0.033255
-0.034972
-0.041059
-0.021203
-0.024358
-0.026357
-0.034225
0.062588
-0.043014
-0.029033
-0.032900
-0.036395
-0.031497
-0.040614
-0.033107
-0.024300
-0.029927
-0.034225
-0.035649
-0.041059
-0.036395
-0.026943
-0.036795
-0.040614
-0.000212
-0.036088
-0.033979
-0.028758
-0.037307
-0.037307
-0.039504
-0.037307
-0.037307
-0.037307
0.055635
0.043968
0.051667
0.046573
0.046519
0.051883
0.047595
0.041945
0.068060
0.045165
0.040579
0.038131
0.045717
0.048557
0.045631
0.042256
0.041953
0.038131
0.040579
0.040327
0.045653
0.044450
0.038616
0.068478
0.038616
0.041513
0.038616
0.044050
0.044251
0.042006
0.043010
0.038616
-0.249487
-0.119920
-0.064769
-0.049879
-0.063935
-0.066089
-0.055606
-0.068815
-0.056127
-0.002248
0.009363
0.004637
0.003615
0.011410
0.007241
0.009924
0.005615
-0.014152
-0.007661
0.005615
-0.000613
-0.010204
0.011080
0.005827
0.072438
0.002913
0.009347
-0.002723
-0.036730
0.014166
-0.003820
-0.111436
0.009320
0.057793
0.004637
-0.030790
0.003764
-0.090096
0.259777
-0.211127
-0.149681
0.066555
-0.248912
-0.017644
-0.154447
-0.015626
-0.202434
-0.721370
-0.323097
-0.680843
-0.155431
-0.089055
-0.192496
-0.188725
-0.112784
-0.024846
-0.045078
-0.021748
-0.017753
0.017449
-0.024846
-0.028736
-0.027363
-0.025370
-0.030912
-0.033583
-0.017034
-0.024846
-0.029467
-0.034947
-0.022925
-0.024227
-0.025331
-0.026556
-0.025243
-0.024282
-0.029142
-0.026556
-0.024608
-0.026556
-0.026300
-0.012756
-0.007044
-0.048662
-0.014318
-0.044551
-0.000911
-0.021463
-0.023565
-0.007856
-0.050065
0.003208
0.009174
-0.052820
-0.021071
-0.037559
-0.018741
-0.036333
-0.011483
-0.021071
0.055403
-0.031528
-0.099284
-0.020713
-0.015007
-0.058421
-0.007896
-0.001713
-0.059359
-0.049520
-0.065465
0.040241
-0.154800
-0.001994
-0.014368
-0.032485
0.122180
0.043480
0.016347
0.053177
0.004188
0.036564
0.020246
0.025121
0.019134
-0.005838
0.036349
0.047983
0.052086
0.015793
0.025651
0.035967
0.039738
-0.019016
-0.026812
-0.025044
-0.029222
-0.022422
-0.022676
-0.027491
-0.013907
-0.038338
-0.015853
-0.027585
0.004973
-0.023902
-0.029841
-0.012849
-0.025044
-0.022676
-0.022676
-0.017565
-0.016883
-0.034201
-0.002744
0.001700
0.000577
0.012072
0.001270
-0.004458
0.170802
-0.004458
-0.079432
-0.030936
0.336417
-0.086381
-0.026212
-0.233997
-0.942268
-0.489960
-0.235983
0.089072
-0.012440
0.045636
0.128217
0.028596
0.128064
0.041456
-0.025325
0.071209
0.049693
0.026083
0.100593
-0.111857
0.001243
-0.071387
0.058578
0.039355
0.052407
0.029034
-0.071670
0.205154
0.212584
0.016145
-0.230044
0.088765
0.263261
-0.145362
0.037829
-0.298096
0.762468
0.163858
0.019402
0.077440
0.130765
-0.340994
0.039038
0.023597
0.327114
0.011724
0.041266
0.022596
0.024733
0.030659
0.025544
0.026796
0.029141
0.023069
0.026620
-0.008289
0.023950
0.023829
0.029192
-0.026690
0.061935
0.061501
0.078330
0.029192
0.251200
0.052326
0.064563
0.064513
0.059742
0.213010
0.029182
0.102425
0.068047
0.075678
0.205846
0.079836
0.014794
-0.072062
-0.050266
-0.060165
-0.058727
-0.172407
-0.034553
-0.019200
-0.080155
-0.022081
-0.008820
-0.024116
-0.029385
-0.011014
-0.031211
-0.061759
-0.103976
-0.000057
-0.027928
-0.030789
-0.112716
0.050118
0.026586
0.006164
0.006236
0.063837
-0.099778
0.021045
0.114355
0.020863
0.020998
0.020998
0.335127
0.335127
0.030962
0.037729
0.038565
0.027384
0.021755
-0.664873
0.041868
0.027084
0.024929
0.020554
0.015749
0.019938
0.035466
0.024929
0.029292
0.030434
0.026904
0.025386
0.035116
0.031878
0.047355
0.046848
0.143836
0.070428
-0.006910
0.022164
0.029522
0.022164
0.024076
0.028534
-0.004332
0.022110
0.020023
0.024076
0.015373
0.027558
0.047047
0.009862
0.023650
0.029723
0.023563
0.025511
0.021803
0.027624
0.027590
0.023455
0.025594
0.023650
0.028098
0.025594
0.029892
0.023966
0.027900
0.054346
-0.004225
0.000609
0.043212
0.022098
0.104251
-0.214003
0.044464
-0.005251
-0.062020
0.030971
0.329208
-0.029931
-0.023637
0.007864
-0.034887
-0.114588
0.016651
-0.026314
0.034047
0.097898
-0.354175
-0.100696
-0.003905
-0.023387
-0.015797
-0.015797
-0.015797
-0.006959
-0.014073
0.060066
0.000375
-0.015797
-0.033536
-0.016382
-0.019566
-0.030943
-0.046144
0.004098
-0.016485
-0.145363
-0.016753
-0.043827
0.092190
0.114410
0.158752
0.075692
0.159324
-0.024115
0.060746
0.224906
0.078240
0.078140
0.182882
0.097316
0.342786
0.067498
0.112299
0.312264
0.053131
0.294847
-0.066184
0.074953
0.049538
0.029858
0.091075
-0.079202
0.217772
0.243912
-0.022505
0.095465
0.115805
-0.135638
-0.030658
-0.157251
-0.061281
-0.044406
-0.108564
-0.028027
-0.063466
-0.049466
-0.037109
-0.167059
-0.067087
-0.049466
-0.071463
-0.057846
-0.052356
0.001966
0.015669
0.007601
0.001966
-0.040044
0.011649
0.000400
0.002460
0.003222
0.010234
0.002348
0.006208
-0.011840
0.018081
0.005004
0.011984
0.029971
0.002903
0.010234
0.018871
0.008094
0.011107
0.007532
0.007139
0.001197
0.078521
0.079783
0.087044
0.080586
0.085296
0.089809
0.080057
0.076119
0.056993
0.085234
0.069044
0.073997
0.035699
0.062303
-0.023519
-0.117808
-0.430883
-0.247944
-0.003075
-0.363910
-0.044248
-0.229921
0.176103
0.046160
-0.006278
0.122287
-0.031642
-0.077620
-0.469931
0.024002
-0.031896
-0.286280
-0.008027
0.140295
-0.104066
-0.098397
-0.166520
-0.205804
-0.148074
-0.088669
-0.064961
-0.039948
-0.058548
-0.053497
0.032588
0.028076
0.040344
0.075754
0.030247
0.029969
-0.024001
0.031898
0.026358
0.036798
0.028076
0.023820
0.054949
0.015745
0.035878
0.033096
0.038857
0.039142
0.037196
0.053226
0.033620
0.009190
0.037945
0.033008
0.035328
0.036798
0.027461
0.114705
0.010703
0.021397
0.019376
0.018757
0.022323
0.014921
0.038054
0.026795
0.027559
0.019565
0.022218
0.027482
0.021108
0.020846
0.023112
0.022116
0.024614
0.025123
0.028783
0.019886
0.246718
0.169430
0.062781
0.061647
0.067751
0.070927
0.035023
0.085360
0.070781
0.069943
0.075568
0.039160
0.052130
0.080844
0.067742
0.062781
0.181065
0.039904
-0.000438
-0.005689
-0.007564
-0.005689
-0.001840
0.003458
-0.003105
-0.006046
-0.005689
-0.002002
-0.002967
-0.004489
-0.010481
0.002121
0.006030
-0.008362
0.009666
0.009392
-0.001675
-0.018276
-0.008362
0.000693
0.000693
-0.008798
0.030837
-0.022243
-0.008362
-0.018329
0.018822
-0.037466
-0.075400
0.000628
-0.009216
-0.047381
-0.005212
-0.016424
-0.070577
-0.070331
-0.092473
-0.044351
-0.064921
-0.062653
-0.060992
-0.050831
-0.075270
-0.044333
-0.045698
-0.001555
-0.048930
-0.019451
-0.053061
-0.116928
-0.043332
-0.005077
-0.074040
-0.045219
-0.092284
-0.103962
-0.005980
-0.086009
-0.100958
-0.032666
-0.093115
-0.047381
-0.048122
-0.008702
-0.008702
-0.001911
-0.004854
-0.008702
-0.008851
-0.008530
-0.002949
-0.005478
-0.004483
-0.004546
-0.004415
0.000242
-0.012742
-0.002812
0.007052
0.002855
-0.004546
-0.011699
-0.001435
0.008426
-0.074451
-0.002113
-0.045889
-0.045889
-0.106529
-0.062803
-0.033746
-0.766145
-0.051395
-0.050602
-0.024526
-0.071177
-0.026558
-0.044325
-0.058603
-0.044088
-0.063598
-0.041545
-0.060109
-0.104287
-0.017475
-0.054708
-0.055111
-0.111686
-0.056544
-0.052100
-0.055768
-0.058233
-0.056864
-0.058233
-0.060953
-0.056978
-0.062344
-0.056544
-0.063734
-0.051899
-0.056296
-0.051922
-0.058229
-0.062801
-0.038967
-0.055768
-0.053173
-0.060663
-0.056544
-0.034924
-0.082068
-0.081123
-0.056544
-0.055995
-0.054795
-0.003946
0.018546
0.009533
0.013364
0.000853
0.006338
0.005725
0.006338
0.000417
-0.005311
-0.049156
-0.063800
-0.060853
-0.051107
-0.071697
-0.064660
-0.038738
-0.057148
-0.030681
-0.061984
-0.083874
-0.048113
-0.076826
-0.051960
-0.071300
0.063379
0.079881
0.084149
0.078498
0.074435
0.082623
0.081817
0.050431
0.076257
0.045558
0.025584
0.007314
0.005568
0.004024
0.002221
0.010615
0.003431
0.018242
0.012906
0.009743
0.012222
0.008061
0.010361
0.008147
0.004234
0.011639
-0.004270
0.005568
0.014963
0.008603
0.004667
0.009743
0.006326
0.004674
0.020531
0.002248
0.007314
0.014634
-0.098099
-0.082293
-0.105517
0.378983
-0.088400
0.041363
-0.183324
-0.012438
-0.045433
-0.029298
-0.024078
0.002912
-0.023972
0.010205
-0.045439
-0.044248
-0.075964
-0.023032
0.035658
-0.030060
0.013044
0.216338
0.101645
-0.023707
0.060221
-0.035633
-0.022119
-0.167566
-0.066777
-0.000451
-0.053516
-0.021394
-0.050739
-0.012961
0.037849
0.246941
-0.047812
-0.151913
-0.063058
-0.115171
-0.560933
-0.051239
0.023128
-0.180261
-0.296679
-0.111794
-1.072169
-0.025832
0.200390
0.065239
0.143036
0.094967
0.152134
0.128431
-0.445335
-0.191916
-0.304410
-0.024574
-0.385502
0.155452
-0.004302
0.136782
-0.180267
0.453536
-0.042557
-0.042996
-0.041934
-0.042322
-0.030906
-0.039775
-0.036709
-0.038298
-0.042996
-0.043389
-0.027329
-0.039400
-0.040727
-0.040470
-0.039281
-0.039281
-0.032492
-0.035957
-0.049280
-0.040929
-0.041030
-0.039281
-0.042996
-0.042996
-0.034887
-0.033998
-0.041264
-0.032898
-0.029070
-0.045598
-0.042191
-0.044872
-0.044055
-0.030137
-0.042996
-0.044084
-0.045942
-0.042557
-0.008140
-0.012624
0.078488
-0.028369
-0.017491
0.032381
-0.034021
-0.039561
-0.353005
-0.035218
-0.012860
-0.080553
0.045269
-0.018045
-0.066658
-0.151549
-0.049254
-0.004337
-0.082248
-0.013955
0.071205
-0.085511
0.078698
-0.071230
-0.014542
-0.037166
0.014455
-0.002532
0.078132
-0.029345
0.023399
0.015640
0.026208
0.019165
0.015712
0.015824
0.021991
0.018386
0.022968
0.014455
0.022145
0.024365
0.022680
0.018351
0.009477
0.018386
0.018546
0.019228
0.024348
0.014020
-0.050057
0.020554
0.024837
0.026842
0.017354
0.019356
0.038394
0.021582
0.025460
0.020554
0.052353
0.030836
0.026375
0.022755
0.028772
0.020176
0.022923
0.020554
0.009080
0.029976
0.009272
0.000095
0.022724
0.052607
0.018158
-0.006206
-0.019165
-0.005002
-0.020509
-0.054601
-0.022950
0.037266
0.040396
-0.099712
-0.115007
-0.038021
-0.105614
0.025684
-0.050898
0.003782
-0.024294
-0.053598
-0.057791
0.000981
0.107459
0.199971
0.059870
-0.074982
0.068424
0.273101
0.059605
0.097495
0.263617
-0.058289
-0.106658
0.267107
0.186480
0.063084
0.057876
0.053645
0.065133
-0.246391
0.171945
0.232165
0.072978
-0.007553
-0.011486
-0.011471
-0.007761
-0.008057
-0.010693
0.004360
0.001733
-0.009162
-0.014086
0.005279
3.182993
0.082613
0.023610
0.035558
0.045459
-0.006402
0.031588
0.036402
-0.012560
0.050837
0.055271
0.020750
0.039451
0.042557
0.090817
0.020978
0.064174
0.080666
0.255663
-0.015613
0.011349
-0.161878
0.118733
0.248592
-0.186499
-0.114965
0.305382
-0.022249
0.036653
-0.004758
0.032926
-0.175798
0.036293
-0.284374
0.011819
-0.009924
0.209309
0.217360
0.038509
0.012528
0.027612
0.037597
0.010712
0.049171
0.023126
-0.001579
-0.024270
-0.086038
0.093705
0.114935
-0.049282
-0.002816
-0.000481
0.085730
-0.034809
-0.007426
0.008081
-0.232425
0.006444
0.247551
-0.095725
-0.025787
-0.057721
0.015682
0.006151
-0.088704
0.026584
0.051093
0.003916
-0.323741
-0.003011
0.025834
0.023601
0.018093
0.047687
0.039900
0.038028
0.060948
0.055545
0.019987
0.042886
0.047848
0.051678
0.061671
0.043158
0.048787
0.048086
0.039198
0.039198
0.019241
-0.002947
-0.006909
-0.008071
-0.008017
-0.005991
-0.007344
0.028592
0.031519
0.034504
0.033700
0.025500
0.037960
0.032502
0.039205
0.030971
0.038090
0.037431
0.023772
0.040998
0.027685
0.029388
0.041010
0.036000
0.023772
0.031561
0.028843
0.029600
0.023294
0.028859
0.031213
0.047201
0.021094
0.020950
-0.011208
-0.674385
0.023018
0.037637
0.022166
0.021094
0.037249
0.024040
0.062947
0.025457
0.028495
0.016705
0.014298
0.024421
0.021094
0.025484
0.021094
0.024794
0.023961
0.024947
0.019956
0.018833
0.038167
0.024633
0.028989
0.029122
-0.008613
0.021094
0.017932
0.035945
0.024914
-0.020635
0.254773
0.095656
0.047600
0.093589
-0.979989
0.808640
0.834284
0.834284
0.276169
-0.064762
0.510547
-0.004527
-0.185386
-0.016427
-0.203553
-0.204768
-0.038676
0.183097
-0.228029
-0.064851
0.532892
-0.244554
0.925407
0.109649
0.115488
0.238828
0.122339
-0.072359
-0.352664
0.030694
-0.003164
-0.030009
-0.030817
-0.030009
-0.019374
-0.026240
-0.030009
-0.027146
-0.032160
-0.030770
-0.030828
-0.024602
-0.030392
-0.022476
-0.030017
-0.033809
-0.021465
-0.031900
-0.032167
-0.021291
-0.031322
-0.037372
-0.028891
-0.024890
-0.026929
-0.028389
-0.033537
-0.030009
-0.033334
-0.030881
-0.035862
0.068459
0.063484
0.057976
0.081252
0.056092
0.049913
-0.007939
-0.051618
-0.020204
-0.013198
-0.013198
-0.018139
-0.010270
-0.006114
-0.013198
-0.009464
-0.015262
0.014275
-0.013198
-0.013198
0.001097
0.011312
-0.024102
-0.154494
-0.039406
-0.203440
0.081794
0.151323
-0.096983
0.026573
0.424388
-0.149842
-0.100301
0.159236
0.231704
-0.159154
0.232253
0.120839
-0.072541
0.008528
0.164195
0.165869
0.165676
-0.201697
-0.027582
-0.031234
-0.030603
-0.028950
-0.028571
-0.029315
-0.029983
0.150234
0.183232
0.083574
-0.082168
0.011405
-0.063050
0.009796
0.042026
-0.000214
0.047773
0.008841
0.022051
-0.013274
0.009796
0.009796
-0.006199
0.009263
0.031232
0.011099
0.030603
-0.006674
0.004211
0.011613
0.022668
0.023882
0.009796
0.061779
0.025679
0.031603
0.026634
0.020021
0.040096
0.020021
0.045666
0.047331
0.033091
0.020681
0.020021
0.020021
0.043409
0.018222
-0.008431
0.024704
0.021851
0.005484
-1.487950
-0.072713
0.512050
-0.056108
-0.035741
-0.051755
-0.054065
-0.055732
-0.043958
-0.056895
-0.052486
-0.054522
-0.068456
-0.067545
-0.085304
-0.050839
-0.053422
-0.058885
-0.043708
-0.051755
-0.001465
0.004050
-0.006581
0.045562
0.022802
-0.008986
-0.017057
0.000483
-0.012200
-0.041431
-0.039265
-0.050069
-0.043507
-0.024963
-0.044312
-0.031343
-0.060482
-0.064327
-0.050636
-0.035252
0.029314
-0.008947
0.139410
-0.025752
0.027409
0.019636
0.018467
0.015655
0.018361
0.018609
0.018269
0.015655
0.015655
0.021310
0.014257
0.015655
0.016467
-0.022924
-0.012991
-0.105060
-0.085427
-0.095316
-0.222301
-0.050659
-0.833819
-0.153197
0.044497
-0.287120
-0.156496
-0.193364
-0.302651
-0.023866
-0.006280
-0.137699
-0.051276
0.208251
-0.094270
0.049292
0.022674
-0.416207
-0.057427
-0.046684
-0.326241
-0.020748
0.010937
-0.015830
-0.019030
-0.019321
-0.010739
-0.022833
-0.022833
-0.018021
-0.018325
-0.017042
-0.012254
-0.019792
-0.020677
-0.011678
-0.009787
-0.022833
-0.021422
-0.022833
-0.016596
-0.009783
-0.017767
0.014659
-0.007858
-0.012632
-0.004386
-0.007302
-0.004779
0.001591
-0.008063
-0.012655
-0.009425
-0.009261
-0.011836
-0.006742
-0.001414
-0.006439
0.017532
-0.004386
-0.005135
-0.004555
-0.002061
-0.011836
-0.011836
-0.002135
-0.007297
-0.010530
0.000230
-0.003234
-0.002576
-0.001958
-0.017189
-0.010715
-0.065382
-0.011836
0.001304
-0.015184
-0.019920
0.072268
0.094959
0.004283
-0.023029
0.035177
0.010858
-0.029889
-0.024120
0.015322
0.062309
-0.057918
0.003408
0.047241
0.012120
0.047959
-0.013235
-0.013406
-0.035230
-0.215010
-0.345910
-0.456897
-0.172788
-0.205404
0.008385
-0.011650
-0.000644
0.027133
-0.013457
-0.003766
-0.024438
0.000921
-0.001492
0.000782
-0.013613
0.002067
0.002067
0.002067
0.009021
0.002510
0.002404
0.001176
0.005458
0.019214
0.015308
-0.041200
-0.054284
-0.041312
-0.049813
-0.053910
-0.053087
-0.053034
-0.039360
-0.043111
-0.054582
-0.041200
-0.041962
-0.034434
-0.029999
-0.025719
-0.034962
-0.004961
-0.030901
-0.026205
-0.024771
-0.033699
-0.021515
-0.026963
-0.028517
-0.020974
-0.034434
-0.028748
-0.027025
-0.027118
-0.021973
-0.034434
-0.025062
-0.014908
-0.030025
-0.031157
-0.031157
-0.027118
-0.026992
0.022592
0.018708
0.012682
0.008234
0.014444
0.019748
0.017556
0.016395
0.008825
0.009025
0.018708
0.014852
0.013501
0.004176
0.012879
0.009019
-0.027035
-0.034863
-0.014178
-0.018453
-0.044959
-0.020820
-0.051231
-0.022705
-0.039239
-0.031874
-0.031282
-0.060244
-0.065395
-0.035433
-0.037094
-0.036429
-0.052759
0.011613
0.007983
0.006602
0.007983
0.011332
0.008459
0.007983
0.007841
0.024808
0.033704
0.019709
0.028936
-0.015932
-0.029699
-0.003880
-0.030770
-0.045543
0.022759
-0.013793
-0.014808
0.013235
-0.021187
0.112659
0.073709
