-0.124238
-0.058817
-0.350002
-0.081609
-0.002712
-6.215976
-0.547014
0.023643
-0.020412
-0.000738
-0.357748
0.043136
0.025273
0.050480
-0.122029
-0.072592
0.004977
0.136990
0.034042
0.069002
-0.137519
-0.380517
-0.032410
-0.048369
-0.228529
-0.105042
-0.197625
0.038231
0.318385
-0.082165
-0.082165
-0.113087
-0.101794
-0.101956
-0.044217
-0.167306
-0.284635
-0.201779
-0.098748
-0.252314
-0.226621
0.011404
-0.007823
-0.242631
-0.004281
-0.049937
-0.002876
0.001583
0.020099
-0.384046
-0.044860
-0.080171
-0.004281
-0.183575
0.014385
-0.462423
0.048250
-0.196170
0.003496
-0.027760
-0.400545
0.098906
-0.004924
0.110520
-0.009988
-0.047144
-0.176825
0.016476
-0.003252
-0.010073
-0.169844
0.015721
0.014500
-0.188663
0.021447
-0.024763
0.035990
-0.564805
-0.284656
-0.016652
-0.011152
-0.189874
0.034661
0.161738
0.004225
-0.108633
-0.030146
-0.005158
-0.001285
0.045031
0.151228
0.001512
-0.070851
-0.013049
0.180887
0.083046
0.147146
0.140307
0.024545
0.016228
0.002772
0.073886
0.079054
0.055664
-0.027857
0.024540
0.037387
-0.123391
0.200830
0.027202
0.065836
0.043608
0.037687
0.127265
0.017789
-0.009999
0.042908
0.051387
-0.016538
0.042121
0.016880
0.044022
-0.286436
0.041225
-0.033380
-0.003842
-0.012725
-0.023353
-0.033825
-0.033825
-0.024723
-0.028399
-0.032023
-0.028170
-0.024723
-0.041962
-0.056095
0.169494
-0.261224
-0.064159
0.091083
-0.006314
0.020822
-0.007746
0.003351
0.027513
-0.052397
-0.019435
0.007541
-0.010083
0.048361
-0.003540
0.001303
-0.021194
0.045950
-0.080240
-0.012200
-0.009775
-0.021648
0.012032
0.054127
0.036501
0.012760
0.003718
0.012760
0.027436
0.008666
0.001016
0.015012
0.009918
-0.010568
0.010363
0.051996
0.012760
0.021856
0.037125
0.043856
-0.006059
-0.029787
-0.009920
-0.084327
0.027806
-0.046990
-0.002717
0.006623
0.049899
0.036131
0.035309
0.032046
0.053012
0.044228
0.047078
0.049011
0.046686
0.047390
0.053345
0.044889
0.042763
0.059637
0.047819
0.062700
0.042308
0.029592
0.030625
0.056264
0.048239
0.040265
0.029129
0.039903
0.035309
0.057958
-0.035487
-0.023244
-0.031797
-0.035499
-0.040019
-0.028348
-0.026243
-0.046845
-0.023244
-0.054057
-0.027074
-0.034224
-0.030250
-0.026215
-0.020284
-0.031428
-0.041739
-0.030253
-0.027074
-0.433823
-0.181716
-0.106453
-0.138334
0.199555
-0.746403
-0.368751
-0.183614
-0.198950
0.130223
0.053137
0.168454
0.165773
-0.157708
-0.161021
-0.146201
-0.148014
-0.148014
-0.143873
-0.162745
-0.153955
-0.159288
-0.169700
-0.148014
-0.177888
-0.144487
-0.154747
-0.222600
-0.152650
-0.160840
-0.157961
0.105911
0.112756
0.111614
0.115650
0.111614
0.080291
0.127501
0.116777
0.118251
0.109115
0.026286
0.023865
0.022486
0.021982
0.030197
0.022316
0.034024
0.026286
0.023927
0.031569
0.026425
0.026286
0.030471
0.023634
0.026703
0.029235
0.022240
0.026286
0.023511
0.026202
0.024804
0.062182
0.036750
0.033671
0.028215
0.011031
0.024579
-0.163634
0.043846
0.033196
0.042765
0.023400
0.033033
0.045719
-0.032732
-0.060827
0.023400
0.050083
-0.009581
0.029122
0.068155
-0.010364
0.046945
0.094718
-0.041686
0.141715
0.038081
-0.088842
0.037015
0.068221
0.006839
-0.007555
0.002789
-0.014500
-0.039549
0.020423
-0.045797
-0.048697
-0.042955
-0.040646
-0.038162
-0.046166
-0.030266
-0.049303
-0.045797
-0.057935
-0.135445
-0.107314
-0.105134
-0.121110
-0.155933
-0.163744
-0.105921
-0.156685
-0.102576
-0.027508
0.034469
0.049818
0.040625
0.043119
0.040625
0.033998
0.041821
0.042274
0.041839
0.040545
0.041140
-0.031014
-0.053667
-0.026175
-0.516077
-0.012612
-0.076012
-0.073296
-0.580611
0.419389
-0.077611
-0.100079
-0.106023
-0.089337
-0.087246
-0.112678
-0.068995
-0.027099
0.244188
-0.076390
-0.041741
-0.021901
-0.069275
0.087813
0.106176
0.095113
0.108322
0.118688
0.098773
0.101401
0.110872
0.062033
0.109302
0.085576
0.127955
-0.024728
-0.012452
-0.019996
-0.028223
-0.020581
-0.025025
-0.024088
-0.022042
-0.021069
-0.010857
-0.028223
-0.022411
-0.020929
-0.024989
-0.017228
-0.028621
-0.027594
-0.023190
-0.028223
-0.022082
-0.020341
-0.015642
-0.017002
-0.026180
0.227904
0.300494
0.199912
0.061455
0.052539
0.031188
0.070275
0.047888
0.061455
-0.042595
-0.086450
-0.074287
-0.068996
-0.128631
-0.056426
-0.055774
-0.074287
-0.074287
-0.046778
-0.058842
-0.066931
-0.090626
-0.079955
-0.059601
-0.083806
-0.074287
-0.073887
0.074735
0.085826
0.074735
0.096986
0.092662
0.086107
0.102042
0.077177
0.017356
0.079884
0.079159
0.074735
0.087209
0.074735
0.067181
0.110068
0.082902
0.061530
0.112174
0.081741
0.019272
-0.057564
-0.110963
-0.220771
-0.000028
-0.012692
0.003041
0.002202
0.004137
-0.000028
0.020966
0.000211
0.003358
-0.003698
-0.007953
-0.012787
0.019882
0.003395
-0.004292
-0.017796
-0.000922
-0.000855
-0.000468
-0.000024
-0.009756
-0.018911
0.012266
-0.000024
0.015116
0.039799
-0.158149
0.015560
-0.820326
0.079323
-0.038014
-0.007944
0.112722
0.028269
0.015744
0.027963
0.059955
0.215654
0.039101
0.083562
0.045203
0.033115
0.113045
0.000585
0.042249
0.029486
0.034740
-0.032749
0.067247
0.006607
0.044856
0.038469
0.010754
0.024482
0.030363
-0.049606
-0.039063
-0.048638
-0.021008
-0.054680
-0.047554
0.072853
0.068495
0.065415
0.053573
0.081729
0.061273
0.102595
0.023325
0.120073
0.055202
0.057963
0.074172
0.010695
0.027359
0.058184
0.018629
0.098300
0.009808
0.007289
0.003779
0.002081
-0.029048
0.009052
0.008941
0.016345
0.009798
0.012316
0.003212
0.019659
0.098300
0.008194
0.013590
0.098300
0.009710
0.003464
0.005129
0.004050
0.001181
0.007509
0.001181
0.018196
0.010188
0.003124
0.118881
0.129628
0.143733
-0.011329
-0.007596
-0.014306
-0.008753
-0.017478
-0.008753
-0.003148
-0.008753
-0.006237
-0.013580
-0.008888
-0.015090
-0.008753
-0.006164
-0.008753
0.002545
0.019701
0.032157
-0.041629
-0.029017
0.042956
-0.003091
-0.002221
-0.054164
-0.001686
-0.075657
0.009846
-0.184907
-0.023164
-0.012882
0.019828
-0.098998
-0.046009
-0.007143
-0.108018
-0.023364
0.014429
0.011554
-0.327588
0.002104
0.027530
-0.169581
-0.037277
0.153342
0.097101
0.032822
0.066922
0.053197
0.047320
0.049588
0.043136
0.067574
0.041732
0.050065
0.048511
0.049588
0.048387
0.044535
0.135840
0.042316
0.054981
0.040713
0.048104
0.050234
0.047527
0.043072
0.047521
0.046385
0.040713
0.040713
0.048901
0.048553
0.040713
0.051389
0.040713
0.053154
0.049737
0.037701
0.054294
0.099495
0.105177
0.032625
0.079819
0.095580
0.117429
0.083349
0.083910
0.094448
0.120007
0.031766
0.103490
0.037507
0.009140
-0.045960
-0.037922
0.017112
0.007911
-0.025784
-0.008542
-0.004709
-0.025784
-0.019369
-0.013181
-0.015378
0.050120
0.043342
0.058768
0.052440
0.047119
0.041675
0.038927
0.045985
0.042124
0.045084
0.042048
0.056635
0.035687
0.041213
0.051026
0.051026
0.089883
0.047019
0.054705
0.038951
0.057105
0.065558
0.048162
0.041650
0.037868
0.055552
0.057502
0.069833
0.053155
0.037868
0.080218
0.057758
0.045082
0.057833
-0.077519
-0.061498
-0.092396
-0.059643
-0.094980
-0.073417
-0.090244
-0.318014
-0.092003
-0.076041
-0.127926
-0.045945
-0.097591
-0.148765
-0.152149
-0.019850
-0.085403
-0.039382
-0.094555
-0.111595
-0.190209
-0.165893
-0.092811
-0.153955
-0.094343
-0.111766
-0.151196
-0.014841
-0.105124
0.021755
-0.124140
0.024271
0.013521
-0.082028
-0.112399
-0.114838
-0.134614
-0.108843
-0.122445
-0.370315
-0.125636
-0.036873
-0.065704
-0.080420
-0.077951
-0.069736
-0.119793
-0.504889
-0.085828
-0.087211
-0.087211
-0.088708
-0.082767
-0.107727
-0.005220
0.037921
-0.008260
0.027134
0.001453
-0.007982
0.222822
0.102717
0.134561
0.721474
0.133834
-0.144529
-0.150132
-0.171459
-0.131775
-0.194857
-0.138726
-0.156265
-0.129702
-0.129979
-0.235696
-0.202762
-0.209141
-0.145752
-0.326387
-0.150228
0.060128
0.078850
0.063250
0.060128
0.079604
0.062514
0.070193
-0.034555
-0.043258
-0.039254
-0.036039
-0.036961
-0.034523
-0.044502
-0.041828
-0.028894
-0.060576
-0.034555
-0.041500
-0.052094
-0.059152
0.046651
0.045271
0.062180
0.047683
0.050546
0.043574
0.051072
0.061158
0.055655
0.063866
0.051744
0.058950
0.044846
0.067883
0.064670
0.057225
0.070623
0.054871
0.051072
0.042871
0.062956
0.054337
0.038464
0.056339
0.064777
0.066061
0.217800
0.237722
0.224717
0.237676
0.282593
0.256552
0.224717
0.261686
0.133629
-0.033634
0.014062
0.064020
-0.012122
-0.012046
-0.011403
-0.012901
0.000952
-0.012901
-0.012901
-0.018335
-0.011159
-0.010345
-0.004872
-0.000927
-0.020392
0.014659
0.052513
-0.009623
-0.043232
-0.096753
-0.047410
-0.412960
-0.072620
0.663453
0.029780
-0.090736
-0.245512
1.138947
-0.490871
-0.031824
-0.075409
-0.103742
-0.071948
-0.762672
-0.072741
-0.059217
-0.113787
-0.093038
-0.081578
-0.047531
-0.081578
-0.079345
-0.071378
-0.074204
-0.094112
-0.078831
-0.070065
-0.072867
-0.074584
-0.078186
-0.113561
-0.078186
-0.075276
-0.100062
-0.078831
-0.205949
-0.080487
-0.065553
-0.077621
0.237328
-0.080815
-0.081578
-0.079960
0.078311
-0.023148
-0.086947
-0.047962
-0.022015
0.024014
0.036662
-0.060788
-0.009556
0.029409
0.100606
0.031468
0.024014
0.070950
0.033722
0.016580
0.010513
0.029356
0.020061
0.009512
0.012617
0.016146
0.014645
-0.064661
-0.039156
-0.033538
-0.053299
-0.040592
-0.039470
-0.037194
-0.039470
-0.057306
-0.027219
-0.018462
-0.065531
-0.020938
-0.038923
-0.034783
-0.182345
-0.035497
-0.001748
-0.003914
-0.002454
-0.004531
-0.003423
-0.001397
-0.008217
0.002034
-0.008728
0.011085
-0.001941
0.000025
0.179024
0.005148
-0.002519
0.179024
-0.001196
-0.003812
-0.008217
0.006070
-0.001973
-0.002436
-0.001019
-0.009915
0.000790
-0.000461
0.001084
-0.003591
-0.008181
0.018221
-0.006384
-0.011867
0.000908
-0.009104
0.179024
-0.031973
-0.021067
-0.014341
-0.038533
-0.038020
-0.038506
-0.104989
-0.052302
-0.019678
-0.052926
-0.023481
0.174919
0.034678
0.238410
0.180549
0.118382
0.442255
0.070296
0.164210
0.097912
-0.086887
-0.219830
-0.705726
-0.035883
-0.047496
-0.101320
-0.080984
-0.081849
-0.064098
-0.088736
-0.064481
-0.062759
-0.066490
-0.163924
-0.064748
-0.070652
-0.073076
-0.070652
-0.060157
-0.097234
-0.018141
0.037561
-0.072910
-0.125989
-0.140831
-0.150167
-0.139159
-0.013319
0.002598
-0.003068
-0.014202
-0.017377
-0.014003
0.002985
-0.026024
-0.026401
-0.022992
-0.028196
-0.024765
-0.019427
-0.019195
-0.018048
-0.026831
-0.019195
-0.024134
-0.026401
-0.019994
-0.022465
-0.027395
-0.026401
-0.022572
-0.027395
-0.012724
-0.026401
-0.026401
-0.017815
-0.026401
-0.019573
-0.017196
-0.018688
-0.016385
-0.018021
-0.026401
-0.012380
-0.012818
-0.024986
-0.025588
-0.024167
0.059706
-0.098402
-0.046153
0.093679
-0.247461
0.073315
0.170445
-0.051465
-0.025833
-0.179101
0.044929
-0.031935
-0.297138
0.140884
-0.220654
-0.095703
-0.183929
0.207341
-0.058859
-0.119384
-0.111093
-0.115586
-0.117724
-0.113879
-0.111191
-0.121264
-0.111191
-0.118118
-0.083836
-0.133611
-0.120796
-0.112036
-0.116882
-0.111371
-0.091265
-0.111371
-0.124359
-0.130144
-0.117724
-0.127918
-0.114015
-0.039217
-0.052168
-0.045507
-0.105740
-0.107520
-0.157962
-0.130488
-0.089711
-0.076606
-0.045453
-0.072975
-0.073415
-0.059058
-0.085582
-0.083726
-0.064782
-0.113992
0.015684
0.179004
0.460546
-0.148997
-0.023713
0.977304
0.157675
-0.482936
-0.147758
-0.344659
-0.257778
-0.154608
-0.211923
-0.077179
-0.269398
-0.305784
0.004497
0.015617
0.011028
-0.003405
0.014501
-0.001631
-0.001373
-0.062565
0.003479
0.000311
-0.049892
-0.049892
-0.045975
-0.038143
-0.046819
-0.052164
-0.033567
-0.041120
-0.005563
-0.054681
-0.024744
-0.052437
-0.049892
-0.049756
-0.054789
-0.049892
-0.016366
0.100628
0.102760
0.090686
0.155202
0.183660
-0.091892
0.180519
0.073274
0.029624
-0.167433
-0.103506
-0.092173
0.007218
-0.226151
-0.191917
-0.005341
0.075539
-0.230112
-0.530588
-0.194043
-0.237267
-0.058286
-0.228078
-0.180085
-0.223360
-0.084694
-0.029827
-0.191189
-0.205323
-0.078689
0.086573
-0.191168
0.016053
-0.094045
-0.104892
-0.090341
-0.099478
-0.096800
-0.103793
-0.097657
-0.093674
-0.102629
-0.100018
-0.099705
-0.094508
-0.093200
-0.106092
0.014505
-0.068827
0.002787
0.096158
0.137858
0.104511
0.024803
0.017300
0.012574
0.012574
0.029666
0.003325
0.001894
-0.001653
0.018155
-0.018681
0.127335
0.006861
0.011250
0.090499
0.055503
0.014147
0.004549
0.041335
0.004008
-0.021592
0.006866
-0.001784
-0.003644
0.050532
0.051059
0.008112
-0.011074
-0.013427
-0.031085
-0.013097
-0.017363
-0.016849
-0.013097
-0.013097
-0.013774
-0.016306
-0.016911
-0.024726
-0.021862
0.095625
-0.024816
-0.008515
-0.015230
-0.008899
-0.024726
0.095625
-0.014082
-0.010125
-0.013097
-0.013257
-0.023258
-0.012253
-0.017407
-0.017818
-0.015288
-0.024726
-0.018853
-0.013097
-0.022166
-0.077747
-0.009866
0.095625
0.041931
0.104644
0.047153
0.081335
0.067978
0.065534
0.103354
0.055438
-0.000594
0.054206
0.100063
0.078112
0.015431
0.034958
0.040124
-0.034489
0.011921
0.020342
-0.013740
0.019230
-0.042078
-0.024756
-0.003627
0.006959
0.002012
-0.004195
0.033072
-0.078055
-0.154967
0.052050
-0.047084
0.079885
0.099571
0.055861
0.063226
0.053411
0.043238
0.055861
0.055548
0.065604
0.044056
0.070290
0.061885
0.072928
0.074215
0.061885
0.070241
0.075138
0.070123
0.080889
0.070290
0.088289
0.070131
0.030392
0.066544
0.076180
0.061885
0.070290
0.009002
0.049090
0.072928
1.402746
-8.837130
-0.020167
0.016134
0.001802
-0.033256
-0.015641
-0.033825
-0.038376
-0.057901
-0.063491
-0.030860
-0.016244
-0.029826
-0.031330
-0.011323
-0.072867
-0.031018
-0.028843
-0.031018
-0.038988
-0.071156
-0.094045
-0.053705
0.010325
-0.027441
0.017568
-0.036479
-0.010403
-0.077918
-0.036689
-0.040491
-0.022618
-0.016172
-0.041013
0.023866
-0.027186
-0.065105
-0.026622
-0.024669
-0.027230
-0.026070
-0.024689
-0.035259
-0.020402
-0.025356
-0.024381
-0.024759
-0.020003
-0.035259
-0.028237
-0.020528
0.189198
-0.027350
-0.020613
-0.026213
-0.033776
-0.022100
-0.027747
-0.028088
-0.025824
-0.034257
-0.017335
-0.026208
-0.035259
-0.026759
-0.034820
-0.029141
-0.022852
-0.035471
-0.027579
-0.071267
-0.019534
-0.021352
-0.023021
-0.019534
-0.019534
-0.019534
0.101186
-0.031523
0.023772
-0.021209
-0.028220
-0.071059
-0.028220
-0.022710
-0.031560
-0.026203
-0.001352
-0.033162
-0.008913
-0.005306
-0.002392
-0.028515
-0.007126
0.005326
-0.011930
-0.016177
-0.008727
-0.023938
-0.039754
-0.016549
-0.020892
0.012605
0.016582
0.009548
0.024533
0.035353
0.007841
0.012943
0.009020
0.015544
0.012310
0.009020
0.009548
0.022627
0.005493
0.017309
0.054004
0.009020
0.008003
0.018039
0.009020
0.012485
0.008003
0.021647
0.009020
0.019448
0.012842
0.017640
0.026369
0.015781
0.013033
0.017187
-0.024196
-0.028693
-0.446171
0.553829
-0.031677
-0.047003
-0.041056
-0.000512
-0.021243
-0.056406
-0.062218
-0.059431
-0.051315
-0.036056
-0.060179
-0.044795
-0.072790
-0.074964
-0.058117
-0.079315
-0.073351
0.070780
0.083614
0.063241
0.013689
0.011916
0.012429
0.016231
0.011916
0.005407
0.010326
0.011916
0.008018
-0.000385
-0.012200
-0.004686
-0.010431
0.007481
-0.030057
-0.023909
-0.012131
0.003734
0.080409
-0.017760
-0.013018
-0.043353
-0.018593
-0.015860
-0.046235
-0.024266
0.010599
0.011019
-0.035293
-0.024266
-0.024266
-0.025621
-0.059136
-0.073296
-0.042104
-0.027870
-0.044443
-0.045209
-0.051019
-0.051119
-0.033226
-0.163877
-0.248608
-0.198422
-0.116726
-0.462702
-0.254797
-0.086459
-0.081829
-0.075271
-0.083891
-0.086481
-0.077233
-0.086044
-0.077853
-0.086044
-0.088460
-0.086459
-0.081574
-0.077853
-0.085547
-0.089636
-0.089300
-0.076379
-0.058006
-0.082446
-0.089636
-0.085124
-0.083866
-0.080741
-0.088460
-0.086459
-0.081574
-0.076616
-0.079901
-0.083985
-0.079901
-0.089224
-0.080627
-0.088460
-0.086459
-0.081574
-0.083016
-0.080811
-0.086459
0.005151
0.007812
0.012258
0.014903
0.005151
-0.003327
0.000749
0.010964
0.011262
0.005463
0.028889
-0.010193
-0.003354
0.000749
0.004992
-0.122192
0.005151
0.023081
0.009512
0.021065
-0.003309
-0.041857
-0.003354
0.035294
-0.061351
-0.005490
-0.001584
0.205399
0.008617
0.003408
0.208490
-0.079616
0.233958
0.621383
0.155855
-0.376216
0.082551
-0.124842
0.348754
-0.063192
0.061845
0.081560
0.289977
0.065878
0.176834
-0.284283
-0.077011
0.469830
0.214318
0.262002
-0.197812
-0.094602
0.149398
0.687995
-0.296971
0.179896
0.007924
0.023778
0.000938
0.028045
0.000938
-0.052037
-0.001636
0.003532
-0.004357
-0.004357
0.014436
-0.002363
0.035190
-0.004357
0.016073
0.001876
0.013290
0.018915
0.023051
-0.003833
0.007082
0.034516
-0.004357
-0.011644
-0.015808
0.024151
0.013577
0.016513
0.000643
-0.000907
-0.063163
-0.073311
-0.074050
-0.059449
-0.065404
-0.073029
-0.069281
-0.058589
-0.067588
-0.068345
-0.059183
-0.067334
-0.063595
-0.068213
-0.058705
-0.083752
-0.086299
-0.070384
-0.058870
-0.066016
-0.071370
-0.081612
-0.082629
-0.003223
-0.010214
-0.005902
-0.063272
-0.010432
-0.005161
-0.012386
-0.011525
-0.010559
-0.009151
0.001608
-0.006750
-0.004005
-0.012992
-0.006605
-0.005902
-0.011125
-0.007634
-0.009151
-0.013938
-0.012141
-0.011368
-0.012082
-0.012570
-0.013871
-0.004084
-0.006586
-0.006945
-0.018926
-0.007305
-0.075437
0.201750
0.148897
0.106404
0.096509
0.110177
0.615047
0.003723
0.181717
0.030292
-0.249507
0.127606
0.288673
-0.126890
0.240566
0.148111
0.100318
0.051540
-0.226327
0.217859
0.274842
0.095151
0.012736
-0.100625
0.047937
0.359548
0.174576
-0.215318
-0.075102
-0.108688
-0.096362
-0.094218
-0.004117
-0.019318
-0.022983
-0.006198
-0.014561
-0.038611
-0.041270
-0.000892
-0.020600
-0.083065
-0.071135
-0.046769
-0.053141
-0.085192
-0.097023
-0.023841
-0.067717
0.138924
0.101190
0.379544
-0.059672
0.101190
0.085644
0.140009
0.152200
0.048939
0.101190
-0.097159
-0.107708
-0.101444
-0.110165
-0.097159
-0.098687
-0.092530
-0.096008
-0.092344
-0.097021
-0.104262
-0.109611
-0.101058
-0.076913
-0.122425
-0.097159
-0.105242
-0.097159
-0.069909
-0.103897
-0.100828
-0.097201
-0.116469
-0.099563
-0.097159
-0.197181
-0.102486
-0.092504
-0.016332
-0.011655
-0.004391
-0.009271
-0.005907
-0.014763
0.052493
-0.001221
-0.149670
-0.131099
-0.258383
-0.271532
0.302068
-0.108193
-0.190826
-0.143179
-0.115829
-0.371795
-0.038508
-0.036926
-0.027530
-0.030730
-0.034441
-0.037338
-0.034441
-0.034441
-0.024299
-0.033852
-0.021641
0.181135
0.005029
0.197632
0.007401
-0.017718
-0.464381
0.630800
0.132039
-0.398856
-0.199589
-0.541260
0.184688
0.217202
-0.168456
0.032074
0.094509
0.106312
0.180904
0.046329
0.025503
0.032068
0.075762
0.040271
0.014885
0.027547
0.067669
0.005107
0.045186
0.012172
0.025503
0.028622
0.023617
-0.044312
-0.045469
0.092828
0.029017
-0.216194
0.086147
0.151069
0.106368
0.148672
0.257322
0.110365
0.017483
0.191132
0.110365
0.020879
0.024709
0.076082
0.051016
0.085493
0.062666
0.123715
0.123381
0.106753
0.119075
0.163020
0.084838
0.125781
0.271073
0.213611
-0.043736
-0.345754
-0.072119
0.022108
0.107128
-0.014404
0.422460
-0.106919
-0.000658
-0.240431
0.013693
-0.079171
-0.139505
0.062254
-0.046028
0.134285
0.246843
0.028032
-0.121348
0.047822
0.028821
0.032667
0.219509
0.068036
-0.268481
0.082330
0.016517
0.013637
-0.003980
-0.001797
0.020242
0.011236
-0.001797
-0.005432
-0.000249
-0.003980
0.014266
0.030354
-0.000249
0.007608
0.021333
0.043076
0.017388
0.009009
0.527142
0.024383
0.007554
0.017146
-0.007369
0.041585
0.015923
0.079301
0.064266
0.074741
0.101201
0.043180
0.063738
0.066619
0.096706
0.064266
-0.062064
-0.064007
-0.061958
-0.066666
-0.069506
-0.046464
-0.056808
-0.075997
-0.074126
-0.022592
0.000728
0.025413
-0.037992
0.000367
-0.004314
-0.000976
-0.035184
-0.033258
-0.026727
0.034188
-0.031775
-0.031640
0.055492
-0.031461
0.017379
-1.903465
-0.014982
-0.022651
-0.033049
0.019984
0.023070
-0.012797
-0.019904
-0.000640
-0.054012
-0.012797
0.000783
-0.008149
-0.012797
0.013440
-0.028918
-0.021215
-0.012797
0.051847
0.087840
0.063000
0.159087
0.156599
0.043892
0.174979
-0.263609
-0.116253
-0.129249
-0.116253
-0.123627
-0.108009
-0.086144
-0.114888
-0.178427
-0.158019
-0.016806
-0.209882
-0.115239
-0.107569
-0.180412
-0.320363
-0.116253
-0.129204
0.031231
-0.025253
0.038134
-0.021459
0.027200
0.007210
0.088910
0.102739
0.255746
0.240196
0.064784
0.049270
0.582841
0.067960
0.065398
0.012933
-0.366979
0.040344
0.061997
0.080261
0.050692
0.049270
-0.443091
0.063171
0.032459
0.025960
-0.062215
0.032459
0.058800
0.003873
0.025813
0.073758
0.032459
-0.075449
-0.294584
-0.118244
-0.010540
-0.129370
0.028865
0.140971
0.008108
-0.461731
0.118614
0.029324
-0.007499
0.052339
0.116891
-0.008031
0.082716
0.117999
0.154162
0.145978
0.111937
0.192033
0.142707
0.133315
0.158680
0.171301
0.140331
0.142707
0.134506
-0.557305
0.125662
0.145679
0.122283
0.166042
0.167036
0.153450
0.108661
0.145504
0.157682
0.153183
0.133669
0.141568
0.149139
0.132693
0.142707
0.023919
-0.002610
0.005452
-0.087600
-0.001957
0.016971
0.005707
0.004984
-0.001169
-0.006574
-0.014295
0.038888
0.009062
-0.013163
-0.001107
0.003812
0.015400
-0.001169
-0.038469
0.003812
0.030748
0.008777
0.005833
0.008543
0.010903
0.009876
0.008678
0.014485
0.005172
0.010903
0.010178
0.020819
0.005535
-0.060581
0.037824
0.020047
0.014976
0.010903
0.006620
0.008397
0.011396
0.010903
0.009592
0.002906
0.008052
-0.014457
0.002906
0.012387
0.013155
0.009121
0.013579
0.027591
0.018122
0.009121
0.029771
-0.085049
0.014892
-0.009243
0.024019
0.032227
0.019172
0.036798
0.019172
0.027026
0.031960
0.098936
0.025916
0.029883
0.029789
0.021535
0.021731
0.025969
0.027874
0.016318
0.019172
0.018306
0.019172
0.029886
0.019172
0.023342
0.025101
0.019172
0.034163
0.050954
0.049377
0.041286
0.038106
0.034163
0.034163
0.040745
0.035466
0.070107
-0.007716
-0.000670
0.010937
-0.006257
0.002915
-0.006257
-0.006257
-0.004127
0.041873
0.009986
-0.006257
-0.021518
-0.022729
-0.163112
-0.006257
0.117949
0.029636
0.051864
0.003184
0.098317
0.035670
0.065596
-0.077596
0.148706
0.026099
0.043417
0.119423
-0.003899
0.039780
0.005824
-0.057761
0.095461
-0.213123
0.039782
0.035875
0.066121
0.082722
0.054166
0.060688
0.054166
0.054967
0.059721
0.061076
0.054967
0.061544
0.056977
0.055527
0.054166
0.063248
0.054967
0.056177
0.059220
0.058731
0.051638
0.056932
0.054166
0.060341
0.258163
0.238973
0.236285
0.242563
0.275779
0.231567
0.238362
0.241364
0.223451
0.251855
-0.453063
0.041130
-0.072644
0.054007
0.014173
-0.034206
0.533462
0.044309
0.096450
-0.346046
-0.027034
0.023531
0.132491
0.142412
-0.052027
0.550423
0.065255
-0.041283
0.051665
0.049657
0.464461
0.033235
0.025310
0.056805
0.067659
0.055133
0.016443
0.063953
0.032855
-0.001448
0.009890
0.025310
0.038376
0.033235
-0.012134
-0.004727
0.004541
-0.006747
0.000344
-0.004727
0.001623
0.006397
0.002500
0.000156
-0.003615
0.002069
-0.010378
-0.004727
-0.026851
-0.022818
-0.022478
-0.011123
-0.011291
-0.008121
0.000345
-0.014523
-0.016000
-0.023494
0.006653
-0.011935
-0.010724
0.004531
-0.004197
-0.011903
-0.014449
-0.027165
-0.031981
-0.033585
-0.003770
0.008113
-0.010856
-0.012252
-0.021856
-0.023824
-0.027352
-0.068155
-0.070433
-0.083072
-0.032217
-0.073191
-0.097054
-0.086673
-0.063417
-0.086117
-0.073246
-0.084462
-0.067763
-0.068089
-0.062783
-0.071335
-0.056746
-0.052224
-0.051737
-0.051072
0.005521
-0.065965
0.038278
0.035515
0.038881
0.037582
0.037582
0.039711
0.049891
0.033625
0.039091
0.044575
0.015010
0.046061
0.051825
0.037582
0.043157
-0.027324
-0.057654
-0.054766
-0.064066
-0.004077
-0.085377
-0.106649
0.025871
-0.036158
-0.008272
-0.050774
-0.074157
-0.063725
-0.252661
-0.015126
0.015667
-0.073704
-0.039917
-0.042867
-0.136399
-0.150709
-0.056199
-0.025486
0.018673
-0.016472
-0.014857
-0.034343
-0.064022
0.089980
0.127806
0.106731
0.161488
0.051018
0.129699
0.028248
0.129295
0.031260
0.012811
-0.001068
0.021473
0.084299
0.057059
0.032741
0.036921
-0.011148
-0.005519
0.071076
0.157815
-0.016170
0.028568
0.013782
-0.040347
-0.021048
-0.047835
-0.033812
-0.061266
-0.015483
-0.020169
-0.077982
-0.063357
-0.040347
-0.017769
0.017461
0.019453
0.017350
0.017910
0.016884
0.020006
0.016409
0.016884
0.022247
0.016021
0.014980
0.019244
0.015891
0.022734
0.014913
0.016884
0.007378
0.018608
0.020339
0.012967
-0.004435
-0.018281
-0.028858
-0.019811
-0.007353
-0.018879
-0.026305
-0.034581
-0.021328
-0.025640
0.143015
0.129919
0.127476
0.166050
0.120096
0.098828
0.162826
0.124121
0.123728
0.134924
0.205017
0.157839
0.072133
0.136066
0.126827
0.117074
0.197018
0.172687
0.119250
0.127476
0.131767
0.148407
0.108656
0.113890
0.126699
0.163308
0.164443
0.138647
-0.029115
0.140133
0.112034
0.171533
0.121504
0.126865
0.016888
0.001395
0.015569
-0.007503
0.009649
0.006355
0.019371
0.036864
0.032048
0.027545
-0.019736
-0.009063
0.006267
-0.006285
-0.019736
-0.030400
-0.019736
0.014694
0.017139
-0.006648
0.028502
-0.105483
-0.114278
-0.146177
-0.144501
-0.144808
-0.116471
-0.102394
-0.134593
-0.121227
0.151799
-0.020489
-0.015493
-0.021161
-0.032017
-0.011016
-0.013667
0.144596
-0.013667
-0.009347
-0.094419
0.045070
0.048507
0.039356
0.041107
0.040151
0.057138
0.045070
0.051028
0.042881
0.044891
0.045284
0.042881
0.057385
-0.036604
0.039461
0.066145
0.035357
-0.098779
-0.008933
0.024920
0.044843
-0.313157
0.112645
-0.213475
0.132968
0.102762
0.246160
0.159078
0.053025
-0.160708
-0.234514
-0.118180
0.002008
0.008397
0.028760
0.450771
-0.434824
0.042946
0.468831
-0.217021
0.050154
-0.156857
0.021714
0.064266
-0.004902
0.012044
0.068565
-0.073386
0.042672
0.109306
-0.317080
-0.258742
-0.102779
-0.108489
-0.102698
-0.118315
-0.122631
-0.016529
-0.141790
-0.127137
-0.052801
-0.084296
-0.108276
-0.108276
-0.104668
-0.108276
-0.117542
-0.107631
-0.109044
-0.160779
-0.142889
-0.195252
-0.226528
-0.104961
-0.102779
0.062645
0.006733
0.047715
0.008092
-0.026529
0.038759
0.042343
0.024456
0.011298
0.008750
0.077403
0.007867
-0.004726
0.041454
-0.091581
0.026628
-0.006951
0.188681
-0.013859
-0.036504
0.026043
0.030669
0.035918
0.046021
0.020901
0.059359
-0.018580
0.026867
-0.000876
0.093283
0.120204
0.038909
0.138836
0.038836
0.035763
0.041454
0.016173
0.007380
0.038733
0.089454
0.039695
0.040923
0.018376
0.035501
0.018400
0.030581
0.021549
0.018376
0.029431
0.018282
0.019704
0.113386
0.023146
0.018907
0.027674
0.069479
0.021529
0.023883
0.018376
0.019704
0.014180
0.018376
0.018376
0.018376
0.033234
0.023219
0.021311
0.017003
0.018376
0.018376
-0.005806
-0.002185
-0.005806
0.006298
-0.009491
-0.002764
-0.009193
-0.002877
0.012717
0.013988
-0.226071
-0.353562
-0.162276
0.013016
-0.001611
-0.001611
-0.019505
-0.024593
0.004882
0.006425
0.036258
0.022380
0.018582
0.033895
-0.021597
0.004567
0.057607
-0.001612
0.010336
-0.027385
-0.001611
0.017262
0.055821
0.044957
0.043652
-0.020734
-0.167745
0.004511
0.077724
0.003073
0.000258
0.009924
0.017115
0.009261
0.024546
0.016468
0.010198
0.017521
0.007106
0.027777
0.010198
0.022730
0.010198
0.023787
0.019128
0.004738
0.011895
0.034941
0.025465
-0.001427
-0.002001
0.025828
0.027971
0.019441
0.008193
0.005088
0.009318
0.010837
-0.079539
-0.067104
-0.069817
-0.079460
-0.071603
-0.059224
-0.065973
-0.062898
-0.075906
-0.066882
-0.067811
-0.055206
-0.079539
-0.084651
-0.081306
-0.074344
-0.078409
-0.044022
-0.085517
-0.080434
-0.090653
-0.079539
-0.083950
-0.067347
-0.075177
0.025819
0.021479
0.025819
0.028860
0.025819
0.036962
-0.150226
0.015119
0.032207
0.028860
0.033732
0.025819
0.059017
0.024838
-0.016492
0.022750
0.023448
0.022987
0.025819
0.028950
-0.148130
0.024651
0.042036
0.024195
0.014233
0.019943
0.226693
0.031053
-0.275576
0.193334
-0.090833
-1.075101
0.220051
0.022052
-0.151185
0.008719
0.049083
0.111286
-0.048000
0.046674
-0.127248
-0.153868
-0.216415
-0.108107
-0.222215
-0.186943
-0.159578
-0.008981
-0.061242
-0.055555
-0.073272
-0.304329
0.210421
-0.084091
-0.222360
-0.113791
-0.227667
-0.339829
-0.282428
-0.168182
-0.247040
-0.060733
-0.024656
-0.203311
-0.217250
-0.116544
0.029100
0.014542
0.014925
-0.003302
0.014083
-0.025405
0.025396
-0.003302
0.025044
0.016962
-0.059185
-0.014614
-0.014150
-0.011435
-0.008534
0.011895
0.018715
0.011840
-0.044284
0.016462
-0.017826
-0.007962
-0.023177
-0.025422
-0.101488
-0.152760
-0.150312
-0.172271
-0.184805
-0.159389
-0.189580
-0.099505
0.560284
0.057454
0.053386
0.050279
0.051016
0.051339
0.085385
0.077225
0.065705
0.501286
-0.165818
-0.201926
0.142600
0.207726
0.804723
0.461436
0.255140
-0.066155
-2.520425
-1.291730
-0.016411
0.088817
0.084774
0.055707
0.100685
0.073797
0.084895
0.065859
0.053588
0.070024
0.051222
0.070024
0.091644
0.078564
0.062488
0.051777
0.034477
0.057906
0.194516
0.108925
-0.055468
0.055820
0.065896
0.150504
-0.077240
-0.075278
-0.090946
-0.142215
-0.035159
-0.029500
-0.025532
-0.028712
-0.032498
-0.027241
-0.036566
-0.038281
-0.046463
-0.025769
-0.020226
-0.020566
-0.033928
-0.039241
-0.036566
-0.031282
-0.026956
-0.042852
-0.021737
-0.027028
-0.036011
-0.036877
-0.050463
0.060061
0.087385
0.073048
0.441822
-0.071271
0.058058
0.107864
-0.137940
-0.050463
0.451114
0.102955
0.091634
-0.526123
0.262851
0.061571
-0.076635
-0.115980
0.197312
0.028721
0.129880
-0.079836
-0.136672
0.029780
0.099741
-0.004234
0.166507
0.038033
0.089562
0.135894
0.125065
0.605524
0.123206
0.140900
0.141054
0.138325
0.149118
0.152820
0.131841
-0.060104
-0.033166
-0.034895
0.166118
-0.057824
0.072498
0.249063
-0.026972
-0.034026
-0.066505
-0.595641
-0.101632
-0.195228
-0.173170
0.153494
-0.227354
-0.320939
-0.149846
0.008337
0.038481
-0.017353
0.032947
0.007282
-0.038754
-0.014715
-0.053528
0.010759
0.099834
0.027564
-0.005927
-0.048221
0.080835
0.018107
-0.016249
0.025840
0.024548
-0.000260
-0.089041
-0.049307
-0.018608
0.015513
-0.024229
-0.024754
0.033587
0.003761
0.000483
-0.007912
-0.024026
0.000346
0.011571
-0.002285
0.003077
0.004040
-0.000950
-0.002985
-0.007650
-0.006949
-0.005671
-0.006949
-0.007650
0.006093
-0.006295
0.000712
-0.002402
0.065558
0.066074
0.067341
0.064201
0.062240
0.065181
0.072947
0.078667
0.061821
0.067482
0.053798
0.071932
0.065875
0.066074
0.056775
-0.005012
-0.011979
-0.010689
-0.008688
-0.010689
-0.008774
0.081616
-0.008940
-0.003422
-0.011254
-0.003663
-0.001560
-0.009309
-0.004308
-0.011254
-0.011979
-0.007950
-0.004064
-0.011979
-0.013072
-0.016253
0.001082
-0.019958
-0.012868
-0.005491
-0.018089
0.046775
0.062865
0.049135
0.034724
0.057017
0.038897
0.044781
0.058218
0.046775
0.045868
0.055464
0.055099
0.046144
0.076220
0.051337
0.074122
0.074283
0.115805
0.074302
0.017005
0.088327
0.049994
0.075793
0.076191
0.050870
0.053938
0.076220
0.113492
0.039753
0.074491
0.101732
0.080662
0.067943
0.034226
0.059298
0.105374
0.057897
0.078327
0.118115
0.024837
0.047561
3.884086
0.054895
0.993164
-0.331871
0.174360
-0.278726
0.241930
0.442281
0.373896
0.342216
0.049268
0.253279
0.283394
0.246179
0.307215
-0.015441
-0.015441
-0.004020
-0.012649
-0.011727
-0.016231
-0.015441
-0.009572
-0.057290
-0.011128
-0.026884
0.068939
0.060151
0.131106
0.107863
-0.021153
0.077211
0.071398
0.062899
0.067814
0.072303
0.092502
0.055569
0.061326
0.059246
0.041907
0.059246
0.059246
0.059246
0.002370
0.110836
0.037684
0.121880
0.100512
0.073951
0.082442
0.030599
0.021816
0.036594
0.042128
0.005760
-0.008260
-0.004242
-0.008233
0.132454
0.082197
0.076059
0.096660
0.109469
0.077155
0.087991
0.086832
0.088446
0.086949
0.086683
0.067798
0.127561
0.128425
0.082777
0.084972
0.075592
0.077867
0.146476
0.068309
0.079980
0.102890
-0.003426
0.013172
0.008471
0.014811
0.011399
0.013559
0.014652
0.008471
0.015474
0.014652
0.019618
0.013336
0.016675
0.014255
0.014675
0.019526
0.014652
0.016591
0.015258
0.009108
0.012861
0.011515
0.014725
0.007159
0.018103
0.017236
-0.013774
-0.005769
-0.010107
-0.010939
0.006540
-0.009120
-0.006774
0.004695
-0.017124
-0.012884
-0.005769
-0.020018
-0.007215
-0.017124
-0.017124
-0.010655
-0.128784
-0.005769
0.011082
-0.009453
-0.017124
-0.126194
-0.011930
-0.021193
-0.017124
-0.017124
-0.542303
0.524157
-0.089199
0.032099
0.023932
0.050272
0.181932
-0.155815
0.290952
-0.048132
0.178174
0.074079
0.021920
-0.006599
-0.005245
0.010543
-0.113489
0.029474
-0.019471
0.015259
-0.057635
0.295958
0.069410
0.277551
-0.049611
0.086564
0.081684
0.076385
0.088798
0.070530
0.081628
0.087288
0.070530
0.076643
0.067659
0.082539
-0.009822
-0.005030
-0.006492
-0.008394
-0.001500
-0.010101
-0.009822
-0.001902
-0.002430
-0.008664
-0.006720
0.000351
-0.008681
-0.004813
-0.001054
-0.007649
-0.008785
-0.005153
-0.007038
-0.012848
-0.009378
-0.008960
0.001724
-0.006400
-0.008394
-0.012549
-0.012349
-0.008394
-0.012246
-0.008394
-0.019091
-0.030722
-0.031929
-0.013280
-0.031663
-0.035474
-0.019480
-0.019322
-0.010406
-0.025135
-0.036410
-0.021606
-0.036410
-0.004143
-0.031929
-0.031064
-0.039808
-0.009711
-0.019448
-0.036410
-0.030297
-0.020130
-0.020684
-0.018450
-0.008204
0.499628
0.106629
0.113426
0.143623
0.106629
0.118473
0.129334
0.115969
0.128228
0.143329
0.124084
0.104384
0.126430
0.089224
0.111558
0.131010
0.132577
0.135432
0.114318
0.120602
-0.166637
-0.098151
0.088864
-0.001759
0.022381
-0.001759
0.025739
0.015427
-0.334497
-0.122894
-0.130445
-0.625106
-0.225851
-0.210116
-0.203649
-0.205978
-0.217973
-0.211988
-0.192430
-0.174822
-0.189630
-0.228198
-0.120501
-0.117218
-0.116775
-0.142007
-0.088786
-0.113985
-0.108387
-0.140145
-0.114751
-0.132128
-0.103353
-0.115585
-0.143822
-0.132930
-0.119201
-0.115585
-0.111777
-0.127956
0.029927
0.056599
0.036064
0.042906
0.034468
0.027894
0.045740
0.031598
0.050460
0.043328
0.038788
0.027894
0.034817
0.020851
-0.010175
0.024684
-0.068943
0.270432
0.182998
-0.071665
-0.048504
-0.062045
-0.033794
-0.031343
-0.215904
-0.168883
-0.647613
-0.041070
-0.066950
-0.214053
-0.190511
-0.235121
0.072564
0.043359
-0.157774
-0.079466
-0.020905
0.085329
-0.018895
-0.002807
0.044498
-0.106742
0.063740
0.017154
0.020719
-0.023565
-0.180185
0.027947
-0.032971
-0.185673
-0.052834
-0.104553
-0.007058
-0.051842
-0.000476
-0.577438
-0.156734
-0.122194
-0.236875
-0.100703
-0.142549
-0.140078
-0.192925
0.058888
0.051821
0.052401
0.047164
0.050986
0.059559
0.058285
0.051821
0.055595
0.054995
0.058385
0.052778
0.007428
0.007399
-0.008173
-0.016420
-0.016404
-0.011311
-0.015306
-0.021911
-0.044021
-0.018752
-0.015279
-0.016806
0.031989
-0.008173
-0.084196
-0.007041
0.008047
-0.013686
-0.032829
-0.049417
-0.029520
-0.006415
-0.084192
0.012106
-0.015454
-0.062378
-0.017179
-0.008371
-0.026204
-0.005878
-0.017629
-0.024640
-0.028258
-0.026077
-0.016567
-0.002462
-0.024640
-0.014806
-0.014935
-0.012455
-0.019273
-0.017942
-0.022763
-0.028258
-0.022763
-0.006402
-0.024640
-0.019715
0.012290
-0.017413
-0.006556
-0.024640
-0.028258
-0.024640
-0.021217
-0.024268
-0.014924
-0.024640
-0.024640
-0.087287
-0.083717
-0.084153
-0.091213
-0.088428
-0.081897
-0.058542
0.125565
-0.083511
0.125565
-0.087788
-0.091213
-0.084130
0.125565
-0.076712
-0.083661
-0.089650
-0.089650
-0.085340
-0.089917
-0.088310
-0.087788
-0.090235
-0.091213
-0.090779
-0.087462
-0.085889
-0.091461
-0.075641
-0.078862
-0.088706
-0.089106
-0.088739
-0.154490
0.020229
0.011700
0.012262
0.017106
0.025800
0.021695
0.025754
0.082803
0.071234
0.063128
0.030647
0.030647
0.039720
0.035762
-0.095160
0.026846
0.030647
0.031344
0.063126
0.044806
0.042379
0.043979
0.039720
0.041296
0.031640
0.035302
0.042083
0.034181
0.035762
0.037155
0.051267
0.043870
-0.027885
-0.088807
0.234800
0.041689
0.028055
0.037505
0.036655
0.033097
0.024763
0.026605
0.041339
0.026433
0.028258
0.035794
0.035794
-0.052531
-0.073106
-0.052015
-0.053375
-0.135579
0.003863
0.044286
0.045246
0.013609
0.042403
0.002813
0.003086
0.062163
0.016695
0.050077
0.041576
0.010508
0.331575
0.035377
0.035341
-0.668425
0.035341
0.057637
0.056801
0.034378
0.035341
0.072833
0.030826
0.014914
0.025555
-0.130670
-0.126086
-0.165437
-0.115875
-0.133756
-0.133756
-0.120831
-0.210358
-0.120125
-0.132588
-0.163015
-0.145238
-0.145238
-0.141735
-0.138566
-0.161433
-0.161931
-0.144711
-0.182612
-0.146617
-0.142738
0.081229
0.036161
0.082873
0.105307
0.139033
0.034571
0.074162
0.078037
0.046953
0.041881
0.072610
-0.051578
-0.055971
-0.066182
-0.050193
-0.066182
-0.058510
-0.065102
-0.059123
-0.055937
-0.058957
-0.076117
-0.066140
-0.080859
-0.039542
-0.050275
-0.052894
-0.046085
-0.049689
-0.044988
-0.054121
-0.054121
-0.062535
-0.010285
-0.001431
-0.005495
-0.015787
0.014657
-0.006694
-0.015787
-0.010800
-0.013818
-0.013818
-0.006327
-0.013818
0.001878
-0.001643
0.056476
0.004893
-0.002146
-0.009471
0.017820
-0.013818
-0.007593
-0.007455
-0.003941
-0.014488
-0.013818
-0.010729
-0.005858
0.013332
-0.019367
-0.013818
-0.005656
-0.013134
0.067509
0.061922
0.090385
0.252160
0.180896
-0.039010
-0.050262
-0.044786
-0.050683
-0.045475
-0.053481
-0.038974
-0.044015
-0.046767
-0.048089
-0.043990
-0.046257
-0.040532
-0.046850
-0.045702
-0.037596
-0.050683
-0.050262
-0.040386
-0.043014
-0.050683
-0.043479
-0.032857
-0.050262
-0.038487
-0.048048
-0.050262
-0.043592
-0.044328
-0.048048
-0.053081
-0.034546
-0.050262
-0.047611
-0.001965
-0.022232
-0.041429
0.005167
0.006175
0.006175
0.004345
0.012644
-0.022874
0.071012
0.021219
0.008102
-0.016651
0.016875
0.001354
0.017176
-0.002579
0.026885
0.014998
-0.148608
0.011053
0.036523
-0.000653
-0.039645
-0.007623
-0.020905
0.059101
0.058484
0.075411
0.058484
0.029890
0.073089
0.062082
0.062082
0.079935
0.058484
0.077101
0.072151
0.055933
0.075411
0.058888
0.065904
0.093048
0.070507
0.091698
0.058484
0.059867
0.047575
-0.079209
-0.143029
0.019036
-0.237057
-0.150980
-0.211968
-0.070043
-0.070043
-0.072096
-0.019746
-0.054886
-0.086362
-0.048881
-0.077491
-0.060855
-0.048186
-0.067919
-0.052340
-0.022432
-0.048881
-0.060896
-0.072278
-0.077346
-0.072905
-0.057761
-0.062941
-0.029141
-0.082720
-0.081758
-0.076900
-0.050625
-0.049877
-0.074511
-0.061403
-0.060760
-0.070043
-0.175698
0.081469
-0.015514
-0.216352
0.032389
0.031853
0.029919
0.032123
0.029031
0.027429
0.023877
0.026222
0.025495
0.035233
0.032123
0.023137
0.027025
0.002058
0.005422
0.007642
0.005419
0.000204
0.012179
0.004161
0.013511
0.012226
0.005419
0.016369
0.018431
0.005534
-0.004880
0.038343
0.040860
-0.004120
0.053646
0.028803
0.047990
0.028803
0.016143
-0.041644
0.001871
-0.002368
0.006944
0.039676
-0.004178
0.000364
-0.056807
-0.019952
0.019567
0.019411
0.033372
0.023002
0.019369
0.019210
0.021766
0.033085
0.026260
0.010382
-0.028445
-0.056077
-0.040262
-0.035197
0.000403
0.049651
-0.004816
-0.038627
-0.724630
-0.016454
0.040221
-0.014046
-0.020370
-0.047725
-0.019663
0.068623
0.083129
0.068623
0.094579
0.072003
0.073446
0.084539
0.094579
-0.010962
0.080060
0.065377
0.068778
0.008854
0.006335
0.003695
-0.014202
-0.001040
0.005892
-0.001040
-0.063266
-0.025677
0.010319
-0.031044
0.019496
0.020166
0.005159
-0.044790
-0.035234
-0.034829
-0.034532
-0.048655
-0.041373
-0.058121
-0.009171
-0.005989
-0.000611
0.003602
-0.010695
0.001016
-0.005459
-0.009115
0.004726
-0.011214
-0.002839
-0.013791
-0.000213
0.028306
-0.002311
0.008057
-0.004267
0.004831
-0.001207
-0.015578
-0.010679
-0.011214
0.008522
0.011965
0.014202
0.004394
0.004394
0.019114
0.103817
0.011851
-0.002724
0.002704
0.043568
0.007274
0.011370
0.004394
0.006511
0.010766
0.005601
0.010217
0.006512
0.004394
0.004394
0.021362
0.006065
0.004394
0.003121
0.004394
-0.171223
0.080837
0.073314
0.070341
0.061689
0.061689
0.060769
0.074718
0.068599
0.071021
0.068599
0.064983
0.061689
0.068233
0.067617
0.062539
0.076873
0.057647
0.060861
0.086959
0.061689
0.061689
0.061689
0.071541
0.065536
0.059571
0.061689
0.072301
0.068801
0.066618
0.059571
0.062859
-0.011754
-0.022462
-0.020394
-0.016322
-0.014639
-0.019514
-0.015936
-0.019514
-0.018688
-0.019514
-0.022778
-0.007262
-0.019514
-0.009716
-0.019514
-0.012080
-0.019514
-0.020540
-0.012537
-0.011962
-0.010081
-0.011415
-0.013136
-0.013052
-0.011584
-0.019514
-0.018358
-0.020503
-0.016879
-0.015275
-0.013502
-0.017448
-0.019514
-0.012180
-0.022361
-0.008805
-0.019514
-0.018733
0.003507
0.000164
-0.008427
0.003273
0.001926
0.009114
-0.001425
-0.000909
0.006675
0.015914
-0.056095
-0.037173
-0.063117
-0.059033
-0.032915
-0.054214
-0.060917
-0.060917
0.015909
-0.068086
-0.064179
-0.051144
-0.055970
-0.028738
-0.054103
-0.056131
-0.068086
-0.050610
-0.060753
-0.056131
-0.058310
-0.052701
-0.045539
-0.060917
-0.060917
-0.053680
-0.065471
-0.060917
-0.052701
-0.060917
-0.060917
-0.060917
-0.009342
0.019919
-0.858000
-0.013293
0.091219
-0.007664
0.004272
-0.067753
0.060235
-0.058921
0.031166
0.019174
-0.023954
-0.020751
-0.072961
0.055971
-0.056934
0.026194
-0.026649
-0.035668
0.048219
0.022699
0.020397
0.036409
0.042364
0.142000
0.053894
-0.143547
0.019519
-0.054124
0.005645
0.006928
0.004510
0.006928
0.013264
0.014523
0.011522
0.006928
0.017825
0.014684
0.011466
0.021078
0.021755
0.020067
0.006928
0.006928
0.010492
0.013264
0.017528
0.017308
0.010242
0.017278
0.020734
0.014306
0.006928
0.014523
0.020094
0.011361
0.017596
0.023288
0.019866
0.007745
0.006928
0.013586
-0.028888
-0.003666
-0.019234
-0.029754
-0.020299
-0.030121
-0.011873
-0.029754
-0.011675
-0.038101
-0.026854
-0.044182
-0.037195
-0.027626
-0.034107
0.006710
-0.064780
-0.013870
-0.044094
-0.001794
-0.044094
-0.034176
-0.047731
-0.043087
-0.021685
-0.037825
-0.044094
-0.044517
-0.008952
-0.031948
-0.049980
-0.035487
-0.044094
-0.025844
-0.025708
-0.029716
-0.001068
-0.004477
-0.005809
-0.001750
-0.003438
-0.000879
-0.004151
-0.001762
0.005015
-0.000183
-0.017684
-0.053005
-0.099037
-0.087257
-0.073461
-0.101805
-0.086917
-0.082791
-0.117414
-0.112296
-0.055876
-0.069647
-0.082791
-0.079322
-0.076217
-0.070770
-0.063222
-0.071408
-0.103489
-0.084582
-0.014166
-0.005729
-0.004776
-0.036980
-0.026514
-0.033972
-0.012048
-0.002790
-0.036251
-0.034802
-0.017295
0.003448
-0.019400
-0.002790
-0.001839
-0.071961
-0.093992
-0.146519
-0.082302
-0.096289
0.022677
-0.006743
0.011421
-0.002263
-0.012792
-0.050252
-0.040462
-0.015936
-0.011014
-0.005456
0.112865
-0.003267
-0.002263
0.009141
-0.031829
0.078215
0.050816
0.071838
0.109510
0.007830
-0.011587
0.015148
0.033550
-0.004150
-0.034527
-0.017008
-0.037162
-0.004150
-0.000305
-0.006658
0.007250
-0.028376
-0.004150
0.014552
0.026849
-0.001608
-0.013472
-0.016554
-0.004150
-0.003571
-0.000649
0.000264
-0.006510
-0.003125
-0.003571
0.000775
0.001684
-0.003349
0.003621
0.001684
0.004676
0.006334
0.011748
-0.007366
0.006923
0.004160
0.003945
0.002668
0.004049
0.003914
0.011326
0.001766
-0.003658
-0.003571
0.058845
0.062840
0.111404
0.103152
0.217516
0.055005
0.209762
0.027110
0.013156
-0.249810
0.042420
0.501346
1.007325
0.213068
0.277599
0.040743
-0.280063
0.105833
0.016665
0.047706
0.130827
0.043931
0.022385
-0.011029
0.001143
-0.015698
0.009607
0.009607
-0.010622
0.006207
-0.019198
0.019202
-0.002317
0.004314
0.074157
0.024541
0.028724
0.010515
0.015044
0.017138
0.013477
-0.012480
0.034187
-0.028650
0.071473
0.062126
0.063930
0.089730
0.100645
0.073753
0.194422
0.055257
-0.142273
-0.119996
-0.124302
-0.117272
-0.107886
-0.118867
-0.124302
-0.124302
-0.124302
-0.124302
-0.132439
-0.124302
-0.134528
-0.132571
-0.140987
-0.134097
-0.130956
-0.080339
-0.082318
-0.088626
-0.080256
-0.069521
-0.076520
-0.083184
-0.078108
-0.066075
-0.086038
-0.094018
-0.084988
-0.096452
-0.078233
-0.101099
-0.089552
-0.082499
-0.094018
-0.082685
-0.094018
-0.094018
-0.094018
-0.080321
-0.065261
-0.081448
-0.087687
-0.071068
-0.081173
-0.077389
-0.073260
-0.083034
-0.088030
-0.076818
-0.092926
-0.078114
-0.061587
-0.072650
-0.082385
-0.077389
-0.094766
-0.077183
-0.095905
-0.062817
-0.079247
0.075938
0.108851
-0.011561
-0.023639
-0.001037
-0.010008
-0.001742
-0.004760
-0.005836
-0.023639
-0.007569
-0.004557
-0.006728
-0.018671
-0.015224
-0.024454
-0.013980
-0.005698
-0.022993
0.002071
-0.018671
-0.007641
-0.018671
-0.018842
-0.022993
-0.010830
-0.031634
0.047269
0.045811
0.042406
0.047134
0.047134
0.040641
0.093242
0.055649
0.051082
0.047134
0.061430
0.048156
0.051596
0.049944
0.044918
0.039298
0.060214
0.051995
0.059315
0.041049
0.038415
0.073311
0.048241
0.047134
-0.071721
-0.032907
-0.095111
-0.047715
-0.047715
-0.047715
-0.048859
-0.044247
-0.014692
-0.041445
0.027839
-0.042516
-0.047715
-0.038248
-0.044463
-0.054679
-0.045321
-0.049001
-0.078041
-0.042653
-0.054611
-0.233270
-0.051393
-0.071187
-0.051440
-0.049248
-0.006347
0.021923
-0.033439
-0.039376
0.076205
0.031795
0.013505
0.020556
0.046553
0.032557
-0.005803
0.014476
-0.078367
-0.069523
-0.077255
-0.078367
-0.086660
-0.077516
-0.081173
-0.080396
-0.077180
-0.096522
-0.069523
-0.073413
-0.075362
-0.100504
-0.073587
-0.233915
-0.093433
-0.090068
-0.116879
-0.093433
-0.025883
-0.110167
-0.096766
-0.123452
-0.093433
-0.032815
-0.241541
-0.093433
-0.093433
-0.094632
-0.093433
-0.099251
-0.082121
0.160555
0.165351
-0.086853
0.326510
0.011964
-0.082523
0.020808
0.024918
-0.362790
0.042840
-0.067134
-0.059382
-0.056318
-0.050058
-0.053697
-0.072659
-0.083279
-0.073156
-0.085651
-0.064213
-0.093475
-0.090600
-0.050058
0.020109
0.019141
0.014408
0.018966
0.020109
0.011399
0.013136
0.014185
0.025842
0.018623
0.020638
0.026665
0.018964
0.013136
0.022095
0.021794
0.014185
0.013136
0.019935
0.015034
0.016591
0.013136
0.004209
0.015426
0.024946
0.013136
0.014848
0.015487
0.107140
0.107140
0.017871
0.026639
0.017871
0.003693
0.020631
0.045480
0.033710
0.048328
0.029627
0.027551
0.042370
0.064345
0.044777
0.025792
0.107651
0.088683
-0.063401
-0.054688
-0.062538
-0.057476
-0.050571
-0.071869
-0.054688
-0.063653
-0.081147
-0.056358
-0.074388
-0.085915
0.063162
0.046175
0.091025
0.063858
0.070273
0.059020
0.066679
0.041585
0.056031
0.049701
0.056031
0.052630
0.061105
0.051485
0.038412
0.083121
0.053127
0.042483
0.061105
0.057601
0.059020
0.069397
-0.255002
0.574736
-0.296791
-0.011125
0.010286
-0.186554
-0.014688
-0.021405
-0.031774
-0.032449
-0.023341
-0.032449
-0.031774
-0.032449
-0.032883
-0.023177
-0.020099
-0.008109
-0.019914
-0.030410
-0.021883
-0.027076
-0.020940
-0.014328
-0.025740
-0.024473
-0.027076
-0.023937
-0.028829
-0.020031
0.009448
-0.020254
-0.022488
-0.025972
-0.018900
-0.031774
-0.077667
-0.046011
-0.063294
-0.061862
-0.059344
-0.049990
-0.039182
-0.032273
-0.029645
-0.053935
-0.013253
-0.036827
-0.011381
-0.040130
-0.028733
0.015025
0.009832
0.016245
0.008657
0.058242
-0.055700
-0.606719
0.100167
-0.211989
-0.102834
-0.091057
-0.007035
-0.008911
-0.008041
-0.007054
-0.001299
-0.010417
-0.142184
-0.015664
-0.010310
0.032396
-0.017391
0.002651
-0.022024
-0.144378
-0.006441
-0.141518
-0.009913
-0.063647
-0.015112
0.000048
-0.014821
-0.012614
-0.015435
-0.019911
-0.014271
-0.001662
-0.019911
-0.006323
-0.012121
-0.018050
-0.013694
-0.007745
-0.019911
-0.019911
-0.051398
-0.014744
-0.014528
-0.016374
-0.015798
-0.013694
-0.023563
-0.066250
0.019936
-0.019911
-0.024314
-0.005408
-0.025233
-0.014461
0.010166
-0.081027
-0.122258
-0.093884
0.109420
-0.095631
-0.025465
-0.036844
0.013433
0.319986
0.032550
0.038208
0.044306
0.033692
0.040746
0.035982
0.048338
0.017370
0.019871
0.036153
0.010897
0.024702
0.025862
0.032550
0.073452
0.037749
0.068579
0.073681
0.078428
0.058632
0.077790
0.096721
0.062380
0.062380
0.077718
0.067316
0.062380
0.078428
0.095691
0.034894
0.093407
0.062872
0.075230
0.046948
-0.071483
-0.049100
-0.098110
-0.074468
-0.045407
-0.047205
-0.762929
-0.076490
-0.139228
-0.065838
-0.063643
-0.082303
-0.082303
-0.076781
-0.067465
-0.065838
-0.080069
-0.092071
-0.090379
-0.107561
-0.092841
-0.065838
-0.075699
-0.047474
-0.031425
-0.058259
-0.054818
-0.058259
-0.039110
-0.044119
0.042249
-0.058259
-0.053142
-0.051427
-0.050833
-0.058259
-0.045010
-0.058259
-0.049397
-0.058259
-0.058259
-0.052720
-0.058259
-0.056346
-0.046444
-0.015976
-0.049416
-0.058259
-0.058259
-0.054883
-0.056299
-0.058868
-0.057878
-0.058259
-0.058259
-0.058259
-0.032905
-0.032187
-0.041126
-0.033134
-0.035758
-0.034543
-0.042164
-0.032782
-0.049721
-0.036494
0.030107
0.026214
0.027069
0.041895
0.028966
0.028968
0.028474
0.032822
0.042269
0.028966
0.042594
-0.101440
0.006432
0.003351
-0.009117
-0.016189
-0.020179
-0.807837
-0.023764
-0.013920
0.005089
-0.013920
-0.044431
0.192163
-0.045819
-0.061078
0.261137
0.121389
-0.223777
0.045127
0.216117
0.088855
0.057880
0.063366
0.088822
0.016856
0.565010
0.106616
-0.080774
-0.031967
0.025666
-0.083104
-2.532753
0.123316
0.125473
0.135832
0.130176
0.127307
0.124511
0.131123
0.138729
0.106678
0.103662
-0.003346
0.098658
0.117063
0.118415
0.088078
0.143838
0.128468
0.107329
0.124687
0.165607
-0.256485
-0.000660
0.020783
0.033685
0.026586
0.126634
-0.014348
-0.002605
0.093969
-0.042011
0.038397
0.018500
0.032817
-0.004020
0.105137
0.036813
-0.025318
0.074093
0.067199
0.102612
-0.001470
0.031172
0.033263
0.030241
-0.018159
0.033737
0.118782
0.103004
0.101012
0.101558
0.112637
0.123410
0.154352
0.083784
0.101012
0.130431
0.106595
0.099069
0.105643
0.101012
0.126887
0.107372
0.097278
0.020090
0.098654
0.097470
-0.148934
-0.127183
-0.158149
-0.140872
-0.158171
-0.129739
-0.134975
-0.152615
-0.129739
-0.137122
-0.159465
-0.137624
-0.149952
-0.153184
-0.136916
-0.137790
-0.145235
-0.117478
0.129569
0.056664
-0.037903
0.154005
-0.185380
-0.328704
-0.032151
-0.140859
0.084117
0.009722
-0.236598
-0.235165
0.046084
-0.077581
-0.003190
-0.048507
-0.003190
-0.023055
-0.009425
-0.033911
-0.065024
-0.058080
-0.001375
-0.030423
-0.017212
-0.009527
-0.017212
-0.011342
-0.009989
-0.003690
-0.019051
-0.010896
-0.005166
-0.002409
-0.006324
-0.037789
-0.060419
-0.021931
-0.052533
0.014377
-0.037789
-0.070149
-0.037782
-0.049573
-0.016600
-0.040999
-0.039483
-0.045548
-0.053977
-0.040624
-0.052572
-0.025623
-0.047348
-0.008392
-0.048529
-0.033129
-0.034354
-0.030542
-0.062137
0.047702
0.096397
0.034853
0.021678
0.058241
0.015638
0.049359
0.035188
0.046792
0.081120
0.030302
0.019455
0.025406
0.043658
0.043283
0.042569
0.029917
0.035188
0.034342
0.014754
-0.009358
-0.001932
-0.007643
-0.018413
0.001922
0.000323
-0.018960
-0.012428
-0.029068
-0.007643
-0.010558
-0.010206
-0.033452
-0.046511
-0.232928
0.150200
0.123280
0.429150
0.023937
0.116931
0.458446
0.183524
0.099501
0.072282
0.122354
0.206589
0.146299
-0.108433
-0.138463
-0.266003
0.089840
-0.541269
-0.114651
-0.271609
-0.656366
-0.027538
-0.676671
0.001176
0.033682
0.178483
-0.289757
-0.104808
-0.082916
-0.102107
-0.115356
-0.183278
-0.160473
-0.178794
0.030902
0.002563
-0.024897
0.003740
-0.002381
0.042927
0.018170
-0.003738
0.004083
0.036581
0.003686
0.032945
0.026313
0.036057
0.039868
0.035436
0.041549
0.032224
0.036581
0.036581
0.038272
0.035143
0.060360
0.040480
0.036581
0.028061
-0.017663
-0.017663
-0.013629
-0.043535
-0.025235
-0.019500
-0.016054
-0.023871
-0.019140
-0.017541
0.003429
-0.037110
-0.024860
-0.013718
-0.017663
-0.001001
-0.012628
-0.016038
0.002535
-0.027105
-0.024900
-0.024879
-0.007026
-0.026487
0.011229
0.096914
0.072056
0.089528
0.023752
-0.196495
-0.125066
0.043669
0.003845
0.019711
0.041361
0.031880
0.010053
0.032777
0.046003
0.027878
0.009930
0.034605
0.032069
0.370058
-0.022095
-0.028384
0.017092
-0.007726
0.002466
-0.018566
-0.034520
-0.629942
-0.031418
-0.011727
-0.032743
-0.031418
-0.009495
-0.018705
-0.034576
-0.034589
-0.020682
-0.022095
-0.003162
-0.007780
-0.013435
0.011177
-0.004579
0.022845
0.004959
-0.000846
0.026305
-0.019068
-0.002209
0.010886
-0.064136
-0.001653
-0.001653
-0.002497
-0.013598
-0.064356
-0.046618
-0.029445
-0.046618
-0.029522
-0.035543
0.005339
-0.046618
-0.052059
-0.063905
-0.046618
-0.046618
-0.009216
-0.062847
-0.055015
-0.047838
0.116234
-0.046618
-0.046618
-0.158777
-0.271026
0.058684
0.107679
-0.007333
-0.012871
-0.000776
0.015057
0.103829
0.104886
0.040899
0.053578
0.074262
-0.044195
0.084406
0.073567
0.085565
0.055985
0.106318
0.088064
0.080645
0.072136
0.104046
0.172377
0.085124
0.088815
0.075604
0.036791
0.086084
0.050613
0.073146
0.090639
0.107662
0.124098
0.092997
0.055795
0.087996
0.075576
0.115697
0.074262
0.049530
-0.081358
0.106303
0.083857
0.057818
0.075258
-0.068061
0.079320
0.094734
0.091793
0.095621
0.101967
0.049420
0.032756
0.056048
-0.012565
0.032756
0.054386
0.046394
0.047763
0.007820
0.074781
0.023646
0.036345
0.032756
0.038432
0.029053
0.004664
0.032756
-0.116359
-0.125080
-0.105102
-0.111620
-0.168182
-0.114137
-0.118359
-0.083413
-0.104951
-0.001731
-0.004266
0.008561
0.017698
0.000539
0.005345
0.000234
0.000301
-0.022019
0.008534
0.020157
0.003748
0.007675
-0.013927
-0.045117
0.004237
0.027841
-0.036254
0.025660
0.063034
0.005114
0.003937
-0.002323
0.019812
0.005135
0.009604
0.035201
0.020773
0.028981
0.008534
0.038619
0.008534
0.008698
0.037078
-0.073115
0.009362
0.001071
0.054936
0.008534
0.008534
0.019723
0.008534
0.091285
0.117690
0.077623
0.074057
0.094021
0.104592
0.094021
0.109863
0.090431
0.103646
0.086725
0.093778
0.077623
0.077623
0.083385
0.108925
0.102489
0.071577
0.086389
0.075732
0.028227
0.221349
0.066506
0.036495
0.066009
0.085784
0.069441
0.040933
0.074212
0.064318
-0.189497
-0.291702
-0.025542
-0.024599
-0.018330
-0.021544
-0.028560
-0.024810
-0.026464
-0.021544
-0.021410
-0.020692
-0.199070
-0.124965
-0.117677
-0.100397
-0.103182
-0.177659
-0.109874
-0.039161
-0.031581
-0.033639
-0.027849
-0.037880
-0.041488
-0.030528
-0.035899
-0.038289
-0.043153
-0.053606
-0.026129
-0.031753
-0.028824
-0.031341
-0.032440
-0.035406
-0.036319
-0.043319
-0.054069
0.004033
-1.363685
0.388225
-0.010349
-0.037248
0.636315
0.013092
0.000284
0.003412
-0.010349
0.039103
0.019991
-0.000821
-0.010349
0.022509
-0.017691
-0.000357
-0.010349
-0.001049
0.002367
0.000911
-0.009524
-0.017626
0.142614
0.138865
0.136990
0.155959
0.127273
0.149819
0.133191
0.150738
0.154084
0.159554
0.152817
0.155177
0.164130
0.156755
0.146801
0.159209
0.044333
-0.034324
0.030478
-0.084292
0.109526
0.065989
0.152810
0.025435
0.060080
0.032357
0.015041
0.022103
0.025400
0.272443
-0.082463
0.053991
0.092230
0.039647
0.006087
-0.162171
-0.044484
-0.042925
0.199086
-0.260781
-0.374730
-0.329301
0.042085
-0.325158
0.020885
0.035307
0.158439
-0.051998
-0.053283
-0.024042
-0.018811
-0.065295
-0.081251
0.109183
0.048610
0.056946
0.055309
0.049356
0.070568
0.102328
0.093971
0.080459
0.076023
0.177840
-0.065513
-0.469923
0.004342
-0.068290
0.008802
0.132058
-0.038233
-0.032368
-0.030226
-0.032014
-0.024496
-0.022449
0.003115
-0.021433
-0.041320
-0.055548
-0.028925
-0.042800
-0.033574
-0.024496
-0.087404
-0.028925
-0.030875
-0.028925
-0.038930
-0.029247
-0.053814
-0.019279
-0.029247
-0.031705
-0.024496
-0.058219
-0.024734
-0.026647
-0.004460
0.011155
-0.013731
0.001440
0.015952
0.011577
-0.012860
0.004299
-0.025609
0.005341
-0.004007
-0.000736
0.023267
-0.030187
-0.015478
0.111912
0.085937
0.095585
0.056063
0.099649
0.093754
0.051753
0.045743
0.066275
-0.030861
0.247295
-0.026155
-0.070006
-0.053798
-0.030723
-0.075080
-0.051723
-0.032176
-0.062786
-0.036158
-0.044665
-0.067536
-0.043963
-0.063227
-0.040934
-0.064861
-0.049772
0.082773
0.238651
0.191725
0.511702
-0.219439
0.124139
0.640177
0.139524
0.020487
0.022551
0.021062
0.018351
0.022404
0.020823
0.019510
0.022551
0.023159
0.025740
0.024694
0.023910
0.021521
0.027045
0.024958
0.022551
0.025387
0.021934
0.028304
0.021940
0.018404
0.026917
0.020192
0.017652
0.028389
0.023209
0.017032
0.024748
-0.143614
-0.098596
0.140660
-0.123370
-0.123370
-0.123370
0.092039
-0.123370
-0.228408
0.256467
0.179789
0.055963
0.083409
-0.558195
-0.223082
-0.316372
-0.235815
-0.293371
0.044530
-0.023852
0.062073
0.178366
-0.048471
-0.178574
-0.043448
-0.268474
0.589945
0.108330
0.160541
0.073478
0.010018
0.136169
-0.000857
-0.016980
0.009222
0.087872
0.056353
-0.020343
0.032748
0.074380
0.077935
0.041933
0.010899
0.127066
0.170838
0.087659
0.068932
0.068031
0.078014
0.025354
0.063336
0.063336
0.083937
0.088368
0.045281
0.051095
0.067781
0.092068
0.053438
-0.158935
-0.158376
-0.151328
-0.162483
-0.137779
-0.134922
-0.172298
-0.170660
-0.073069
-0.071617
-0.068068
-0.068482
-0.071182
-0.065469
-0.067870
-0.096984
-0.071534
-0.071238
-0.070762
-0.074235
0.014254
0.048092
-0.005052
0.066699
-0.032171
0.017182
0.031321
-0.204812
0.078906
-0.026657
-0.013240
-0.018724
0.026461
0.049173
0.036265
0.013358
-0.029820
0.005511
0.004892
-0.007335
-0.153659
-0.008836
-0.315277
-1.190963
-0.301475
-0.585505
-0.029865
-0.026311
-0.028875
-0.034152
-0.024498
-0.026705
-0.029865
-0.022460
-0.031256
-0.037394
-0.031572
-0.037529
0.005895
-0.017464
-0.020159
-0.003422
-0.019328
-0.017153
-0.010526
-0.022708
-0.027036
-0.020159
-0.000205
-0.024525
-0.030033
-0.000345
-0.020736
-0.014586
-0.002813
-0.003628
-0.024267
-0.032523
-0.017511
-0.010223
-0.014237
-0.012669
-0.004982
-0.020159
-0.086493
-0.011251
-0.117740
0.003124
0.014006
0.005842
0.006755
0.011030
-0.045176
0.051987
-0.017959
0.127818
-0.045176
0.012040
0.020411
-0.038759
-0.077812
-0.602055
-8.150042
-7.044273
-0.030636
-0.040156
-0.051300
-0.018611
-0.021868
-0.035263
-0.026974
-0.019425
-0.042204
-0.038868
-0.034808
-0.033691
-0.038398
-0.012265
-0.056208
0.063603
-0.261040
-0.004477
-0.010494
-0.000086
-0.032765
0.005071
0.050444
0.054753
0.048620
0.046196
0.047420
0.049550
0.048356
0.004325
0.046466
0.047906
0.050645
-0.040247
-0.036846
-0.032495
-0.036956
-0.033300
-0.041104
-0.046085
-0.035938
-0.035938
-0.035938
-0.038195
-0.035938
-0.035938
-0.042294
-0.038061
-0.024537
-0.047316
-0.037823
-0.035790
-0.034698
-0.034698
-0.028960
-0.037656
-0.038669
-0.027960
-0.027960
-0.040658
-0.039396
-0.024758
-0.036819
-0.041366
-0.059516
0.002702
0.007402
0.011385
0.012403
0.007402
-0.001214
0.005171
0.000288
0.002074
0.007318
-0.001214
0.014259
-0.001214
0.006056
-0.000764
-0.015701
-0.028312
-0.020000
-0.025817
-0.020360
-0.025125
-0.038032
-0.035154
-0.053517
-0.059635
-0.036720
-0.043880
-0.038032
-0.040511
-0.038032
-0.013753
-0.028074
-0.045763
-0.035289
-0.029973
-0.036934
-0.040632
-0.042481
-0.038032
-0.160298
0.253487
0.088195
0.229214
-0.026259
0.046070
0.053417
0.069344
0.034030
0.062560
-0.003058
-0.016707
0.026221
0.026221
0.001425
-0.008096
-0.003234
0.008692
-0.020236
0.034411
-0.002133
-0.039810
0.007978
0.013873
0.074147
0.126577
0.072213
0.106669
0.075666
0.033338
0.068502
0.085356
0.044950
0.065626
0.157435
0.003117
-0.161950
-0.070066
-0.037013
-0.078025
-0.075760
-0.071363
-0.080893
-0.126675
-0.088225
0.015468
0.077868
0.087456
0.100792
0.080748
0.055412
0.073840
-0.088957
-0.187474
-0.187474
0.057599
0.071044
0.049613
0.067025
0.064397
0.062050
0.068411
0.061258
0.070537
0.060160
0.061087
0.067868
0.060589
0.067012
0.071282
0.049613
0.060160
0.082045
0.059003
0.057903
0.059780
0.073386
0.051014
-0.010656
-0.007152
-0.007606
-0.007773
-0.004985
-0.010692
-0.004754
0.011228
0.003429
0.007006
0.003042
0.022704
-0.034019
-0.018923
-0.010656
-0.002921
-0.003300
0.001601
-0.130978
-0.002044
-0.010656
0.017138
0.000790
-0.003625
-0.007577
-0.010656
-0.010656
-0.003625
-0.064670
-0.131180
-0.059722
-0.010656
-0.004208
-0.054004
-0.047745
-0.055967
-0.050563
-0.069536
-0.048256
-0.135578
-0.073583
-0.088589
-0.045790
-0.055967
0.008265
-0.006208
0.012761
-0.004221
-0.060202
0.011927
-0.020651
0.007388
0.013912
-0.001911
-0.003531
0.000962
0.020677
-0.081096
0.000962
0.030282
0.025641
0.020462
0.016873
0.019702
0.064752
0.018047
0.036419
0.025900
0.028132
0.016873
0.034819
0.046845
0.016504
0.091427
0.047310
0.053041
0.053839
0.052036
0.036502
0.049360
0.050601
0.047943
0.050601
0.054400
0.050001
0.042988
0.047850
0.043482
0.048616
0.259463
-0.042836
-0.007793
0.069994
0.113997
0.008819
0.298662
0.120134
0.001604
-0.088565
-0.074157
-0.067574
-0.044850
-0.000878
-0.049655
-0.012933
-0.000521
-0.050565
-0.058233
-0.058729
-0.159858
-0.011312
-0.129774
-0.096203
-0.067368
-0.088506
-0.009814
-0.085970
-0.092704
-0.047448
-0.105911
-0.031013
-0.059669
-0.007686
-0.028276
-0.166635
-0.089181
-0.114903
-0.075878
0.035974
0.054794
0.064778
0.070538
0.057406
0.065231
-0.045427
0.122364
0.181581
0.171165
-0.109771
0.021446
0.146637
-0.175134
0.027833
0.001031
-0.056808
0.047046
0.009139
0.051850
0.040201
0.032805
-0.034648
-0.028996
-0.027676
-0.028740
-0.028850
-0.033815
-0.044651
-0.029489
-0.029489
-0.037827
-0.033534
-0.033844
-0.046536
-0.003178
-0.003178
-0.007541
0.006183
-0.002032
0.003715
0.000387
0.009847
-0.002032
-0.003325
0.000621
-0.040125
0.003462
-0.008356
0.004188
-0.007637
0.007355
-0.022622
0.006128
0.100534
0.106100
0.039765
0.123999
0.069505
0.100976
-0.028046
-0.016931
-0.020228
-0.015833
-0.017138
-0.017138
-0.010720
-0.034162
-0.016269
0.102632
0.120731
0.087097
0.081016
0.088353
-0.522832
0.087097
0.097468
0.091379
0.122853
0.086176
0.091792
0.081016
0.093974
0.081413
0.111017
0.081016
0.111968
0.114904
0.072015
0.067822
0.099859
0.092870
0.026963
0.023691
0.017875
0.023075
0.029551
0.027988
0.020940
0.023027
0.029564
0.036910
0.015815
0.023629
0.034118
0.023027
0.026963
0.023027
0.027425
0.024194
0.022832
0.030875
0.031631
0.027102
0.023130
0.024055
0.023238
0.010494
0.016085
0.020111
0.073759
0.048437
0.075095
0.061546
0.058164
0.042431
0.003289
-0.088306
-0.072856
-0.079710
-0.073664
-0.077258
-0.082180
-0.081148
-0.073664
-0.077094
-0.093368
-0.086856
-0.089417
-0.089205
-0.009105
-0.047651
-0.059384
-0.004394
-0.012164
-0.008252
0.007921
-0.000612
-0.014511
-0.008252
-0.004773
0.013995
-0.013158
-0.013079
0.004030
0.004991
-0.015441
-0.008005
-0.008252
0.007903
-0.020297
-0.200671
0.015402
0.006024
0.006602
0.003190
-0.009219
0.001032
0.036641
0.013626
0.012393
0.021054
0.020412
0.026905
0.003190
-0.004991
0.037349
0.013626
0.013796
0.004647
-0.009219
-0.050228
-0.052912
-0.041082
-0.040501
-0.040097
-0.042156
-0.053919
-0.063878
-0.025902
-0.024399
-0.035206
-0.040585
-0.070143
-0.018629
-0.012961
-0.043130
-0.060144
0.067796
0.012757
-0.162974
-0.021417
0.005880
-0.015905
-0.028261
-0.027501
-0.029173
0.040995
-0.073503
-0.019649
-0.042024
0.274200
0.007011
0.086663
-0.092112
-0.010620
-0.021233
0.041133
-0.019785
0.058172
-0.070612
-0.070985
-0.052608
-0.261422
-0.022789
-0.061276
-0.017149
0.059457
0.182196
0.085421
0.008478
0.115507
0.160817
0.086066
0.046533
0.041206
0.064983
-0.083974
0.065756
-0.031729
-0.121938
0.053610
-0.041410
-0.097649
-0.275845
0.044723
-0.282846
-0.039629
0.056775
0.137340
0.050067
0.052853
-0.047310
-0.037362
-0.036600
-0.045077
-0.038962
-0.038607
-0.035008
-0.048564
-0.041890
-0.038664
-0.048907
-0.045621
-0.049797
-0.034458
-0.031521
-0.036736
0.006919
-0.025101
-0.016469
-0.019657
-0.020532
-0.032313
-0.024144
-0.025512
-0.032313
0.054240
-0.945760
-0.029900
-0.032313
-0.018892
-0.019548
-0.031114
-0.030335
-0.025093
-0.030335
-0.027997
-0.043604
-0.031498
-0.027289
-0.029465
0.054240
0.001191
0.128928
0.147637
-0.040720
0.194408
0.027721
-0.067291
-0.036119
-0.013591
-0.267443
0.053076
-0.190504
-0.099591
-0.037207
-0.019819
-0.014802
-0.021800
-0.026105
-0.387959
-0.102316
-0.080421
-0.356864
-0.034166
-0.075039
0.133663
-0.022124
-0.125256
0.072906
0.201689
0.045384
0.241831
-0.040574
-0.102957
-0.032867
0.079082
-0.121750
-0.290050
-0.134126
-0.302405
-0.229283
-0.041758
-0.034536
-0.053557
0.136698
-0.119702
-0.121618
-0.067317
-0.041689
-0.180299
-0.343512
-0.122663
-0.024578
-0.123089
-0.033762
0.047552
0.284800
0.227909
0.009244
0.008953
-0.045493
-0.068138
0.021160
0.038862
-0.119184
-0.026663
-0.037938
-0.313260
0.027651
-0.021191
-0.017370
0.192203
-0.027464
0.192203
-0.037155
-0.027464
0.004878
-0.072880
-0.027464
-0.042692
-0.024282
-0.106797
-0.045021
0.004909
0.018558
0.017354
0.016102
0.013676
0.012400
0.018057
0.005360
0.011363
0.010654
0.010107
0.005360
0.018875
0.005360
0.017602
-0.001896
-0.001692
-0.029998
0.006811
-0.012955
0.018651
-0.003449
-0.011041
-0.002676
-0.009390
-0.000013
-0.002029
-0.012737
-0.076185
-0.058569
-0.067136
-0.081524
-0.070560
-0.081524
-0.068334
-0.081524
-0.081524
-0.060988
-0.070804
-0.075452
-0.081524
-0.081524
-0.113268
-0.072009
0.231822
0.094782
0.227960
0.222095
0.209978
0.221686
0.252547
0.223628
0.239817
0.204074
0.227597
-8.443082
-1.143933
0.078835
-1.128302
-8.443082
-1.835181
0.078253
0.219079
0.078314
-0.216266
0.459754
0.026285
0.058856
-0.089198
0.061927
0.042628
0.053637
0.057399
0.058926
-0.070639
0.040505
0.036717
0.039383
0.042849
0.065537
0.057399
0.005397
0.067041
0.175667
0.082320
-0.048954
-0.023552
0.068258
0.059087
-0.000973
0.130186
0.068258
0.028976
0.019555
0.020775
0.041699
-0.077632
-0.077559
-0.063651
-0.063651
-0.071030
-0.063554
-0.077562
-0.071752
-0.071469
-0.092549
-0.198969
-0.111538
-0.164341
-0.172476
-0.121001
-0.162241
-0.155357
-0.104552
-0.063519
-0.069351
-0.043336
-0.086165
-0.096514
-0.088470
-0.067491
-0.048860
-0.108289
-0.189998
-0.086547
-0.154595
-0.148963
-0.098139
0.176372
0.295585
0.198093
0.434432
0.215231
0.450022
0.409806
-0.468032
0.179616
-0.035446
-0.036284
-0.035803
-0.034261
-0.041071
-0.032097
-0.036533
-0.038602
-0.009923
-0.028051
-0.178627
-0.037208
-0.042005
-0.035109
-0.020639
-0.022039
-0.034525
-0.030974
-0.031771
-0.047015
-0.041071
-0.028501
-0.041071
-0.046488
-0.031854
-0.035109
-0.041071
-0.031598
-0.177357
-0.028471
-0.039114
-0.102375
-0.040479
-0.179450
-0.033879
-0.094270
-0.037730
-0.036790
0.009605
0.008985
0.009605
0.005112
0.007654
0.007654
0.014257
0.009897
0.007793
0.019611
0.007654
0.013333
0.011505
0.014463
0.008566
0.007654
0.005931
0.007654
0.018644
0.014497
0.002271
0.010077
0.019970
0.018140
0.007654
0.014490
0.008983
0.010261
0.009536
0.009477
0.099391
0.092222
0.098781
0.091450
0.085871
0.085018
0.063206
0.098781
0.061215
0.088908
0.098781
0.065095
0.082724
-0.014761
-0.068993
0.396233
-0.016070
-0.048535
-0.620463
-0.032703
-0.014680
-0.021563
-0.029898
-0.046091
-0.048963
-0.029924
-0.041538
-0.069953
-0.054228
-0.039370
0.210487
-0.022688
0.054250
-0.032232
-0.139105
-0.005154
-0.063358
0.005395
-0.011569
0.064821
0.026416
0.000786
0.042675
0.014105
-0.100071
-0.086836
0.005533
0.002710
0.120629
0.003535
0.056856
0.010276
-0.029129
0.016347
-0.044595
-0.006017
0.011638
0.006214
-0.061717
-0.038070
0.204325
-0.448466
0.059140
0.008474
0.032581
0.044521
0.021236
-0.022709
0.022818
-0.090803
0.015081
0.025988
0.022058
0.018760
0.017452
0.022539
0.048519
-0.034392
0.019400
-0.003515
0.039956
-0.119771
0.031814
-0.065807
0.632376
0.620741
0.457432
-0.962751
-1.938615
0.076678
0.070520
0.068542
0.067762
0.063833
0.074705
0.070194
0.070194
0.077037
-0.031979
-0.023701
-0.028436
-0.035490
-0.028830
-0.028436
-0.036216
-0.039002
-0.015295
-0.021547
-0.020862
-0.029967
0.064141
-0.039582
-0.026700
-0.029644
-0.032877
-0.026002
-0.037193
-0.031274
-0.018422
-0.031357
-0.029967
-0.031258
-0.039002
-0.032877
-0.017813
-0.032107
-0.037193
0.002404
-0.031029
-0.030350
-0.017943
-0.035490
-0.035490
-0.038208
-0.035490
-0.035490
-0.035490
0.061265
0.046981
0.055775
0.050582
0.049409
0.057807
0.048313
0.037789
0.067579
0.048553
0.042577
0.039499
0.046671
0.052495
0.043384
0.038654
0.043922
0.039499
0.042577
0.040538
0.053069
0.040911
0.040428
0.069724
0.040428
0.045077
0.040428
0.053067
0.049581
0.042639
0.047534
0.040428
-0.294848
-0.167194
-0.133747
-0.097418
-0.121874
-0.118855
-0.121980
-0.117863
-0.123643
-0.035944
-0.021088
-0.027078
-0.030612
-0.015667
-0.019353
-0.015862
-0.028748
-0.048053
-0.039663
-0.028748
-0.032395
-0.046899
-0.017944
-0.021609
0.044431
-0.029940
-0.017141
-0.037844
-0.068789
-0.019453
-0.031013
-0.143072
-0.031100
0.028468
-0.027078
-0.055934
-0.030235
0.171327
0.404394
0.014409
0.017232
0.220986
-0.111433
0.152339
0.015720
0.179366
-0.025793
-0.563883
-0.196631
-0.594928
0.014858
-0.050999
-0.180113
-0.168162
-0.089214
0.010522
-0.014920
0.007874
0.007057
0.044326
0.010522
0.011488
0.005106
0.001636
0.001618
0.010496
0.015746
0.010522
0.004546
0.003055
-0.020700
-0.022665
-0.028042
-0.024773
-0.022363
-0.021213
-0.032638
-0.024773
-0.030186
-0.024773
-0.042662
-0.022495
-0.014134
-0.050806
-0.018993
-0.052914
-0.011350
-0.032322
-0.034867
-0.024688
-0.048312
-0.003152
0.008815
-0.069902
-0.030382
-0.046858
-0.027302
-0.040901
-0.019477
-0.030382
0.047679
-0.028938
-0.099735
-0.033235
-0.024529
-0.056789
-0.017795
-0.006556
-0.071352
-0.055977
-0.075690
0.029440
-0.165598
-0.009710
-0.035040
-0.041593
0.146749
0.059445
0.050187
0.074537
0.023437
0.049605
0.042566
0.042563
0.037258
0.013334
0.050835
0.065257
0.082830
0.027655
0.041142
0.051211
0.067317
-0.003871
-0.018787
-0.021521
-0.004342
-0.020439
-0.014222
-0.016577
-0.003699
-0.022537
-0.014369
-0.022073
0.015358
-0.004097
-0.027883
0.007620
-0.021521
-0.014222
-0.014222
0.000385
-0.014204
-0.017926
-0.001873
0.013272
0.005501
0.017020
0.012306
0.005275
0.162902
0.005275
-0.070154
-0.017587
0.411194
-0.036187
0.063533
-0.192482
-0.882874
-0.486457
-0.140276
0.101955
-0.005177
0.062921
0.141232
0.046979
0.136825
0.049183
-0.012925
0.065851
0.060308
0.026631
0.107265
-0.101743
0.020806
-0.060824
0.071778
0.051353
0.039555
0.025630
-0.087245
0.206898
0.203088
0.010733
-0.234125
0.083994
0.271205
-0.139233
0.023912
-0.297525
0.768872
0.158253
0.011466
0.071577
0.123040
-0.323821
0.031662
0.017516
0.317155
0.002115
0.026903
-0.021861
-0.028018
-0.009962
-0.022635
-0.018433
-0.017069
-0.024047
-0.019016
-0.056784
-0.026900
-0.026018
-0.005587
-0.061413
0.031898
0.024147
0.043370
-0.005587
0.217966
0.023542
0.037162
0.029564
0.028730
0.176471
-0.002748
0.065732
0.037612
0.041951
0.178306
0.042801
-0.020448
-0.063012
-0.041012
-0.051211
-0.039480
-0.155145
-0.020046
-0.003366
-0.072221
-0.011544
0.000276
-0.015811
-0.018567
-0.000036
-0.022067
-0.055909
-0.095640
0.002428
-0.013729
-0.015265
-0.107843
0.119147
0.078113
0.086725
0.060361
0.092549
-0.091326
0.082269
0.163901
0.000495
-0.013773
-0.013773
0.300356
0.300356
0.015028
0.007458
0.011236
0.011159
0.000978
-0.699644
0.024646
0.009177
0.006562
0.003385
-0.015713
-0.001192
0.013718
0.006562
0.000944
0.002692
-0.002339
0.001505
-0.010194
-0.033320
-0.019129
-0.017473
0.074365
0.017431
-0.117531
0.012808
0.017034
0.012808
0.010151
0.025535
-0.000563
0.001146
0.007845
0.010151
0.021311
0.007979
0.043759
-0.014715
0.009238
0.021884
0.001533
0.022100
0.020709
0.019749
0.023457
0.013447
0.010450
0.009238
0.018405
0.010450
0.017572
0.013601
0.003546
0.032542
-0.036273
-0.033148
0.023085
-0.002021
0.087445
-0.219661
0.022164
-0.030294
-0.080106
0.016366
0.309051
-0.061883
-0.043506
-0.019692
-0.064733
-0.153329
-0.007959
-0.057114
0.001617
0.063887
-0.357805
-0.126350
0.017382
0.002353
0.014248
0.014248
0.014248
0.022912
0.019924
0.077717
0.026440
0.014248
-0.005645
0.011196
0.005214
0.008428
-0.019536
0.025054
0.013079
-0.115464
0.009436
-0.011713
0.146503
0.179099
0.226688
0.140580
0.226364
0.038190
0.138753
0.290841
0.135581
0.134797
0.258443
0.158901
0.414398
0.126621
0.180122
0.385552
0.107366
0.361410
0.001639
0.132488
0.102664
0.089139
0.147057
-0.016938
0.268203
0.310952
0.039829
0.154698
0.180912
-0.068305
-0.058458
-0.176517
-0.076424
-0.071444
-0.122944
-0.056703
-0.079443
-0.079761
-0.063256
-0.186078
-0.090019
-0.079761
-0.096186
-0.085645
-0.076475
0.051837
0.076724
0.058468
0.051837
0.023045
0.061479
0.044052
0.066624
0.045670
0.060867
0.048697
0.056488
0.043506
0.071824
0.055434
0.062121
0.071787
0.058146
0.060867
0.075248
0.060056
0.064295
0.054650
0.064679
0.058254
0.044669
0.059886
0.048386
0.042758
0.039155
0.053504
0.039393
0.034301
0.007174
0.030325
0.041535
0.038304
0.002585
0.022483
-0.062795
-0.143734
-0.456328
-0.279768
-0.038254
-0.413764
-0.078425
-0.254438
0.142232
0.009966
-0.038864
0.104072
-0.066011
-0.096646
-0.490175
0.003997
-0.069966
-0.314002
-0.044584
0.108053
-0.136652
-0.132489
-0.196042
-0.240996
-0.175831
-0.119505
-0.192810
-0.158505
-0.178478
-0.193649
0.078866
0.074039
0.098637
0.117951
0.067896
0.075112
0.036000
0.075088
0.087392
0.083583
0.074039
0.071311
0.107183
0.067735
0.074020
0.087258
0.089965
0.093994
0.084388
0.100382
0.076583
0.051693
0.095098
0.087521
0.080052
0.083583
0.057022
0.139537
0.040909
0.045933
0.048154
0.054947
0.048432
0.050811
0.062247
0.054991
0.052564
0.047366
0.051970
0.051840
0.047273
0.052524
0.046720
0.048193
0.057390
0.044914
0.054699
0.044717
0.209393
0.159603
0.099751
0.097892
0.106047
0.117797
0.073778
0.129687
0.112611
0.102015
0.115302
0.080933
0.095829
0.111902
0.109994
0.099751
0.221359
0.077625
-0.021371
-0.024573
-0.029495
-0.024573
-0.013947
-0.022082
-0.014524
-0.027690
-0.024573
-0.015718
-0.028945
-0.015125
-0.029904
-0.025908
-0.068995
-0.078342
-0.060832
-0.052598
-0.067025
-0.091893
-0.078342
-0.066669
-0.066669
-0.079476
-0.035980
-0.093318
-0.078342
-0.092914
-0.035278
-0.114313
-0.138345
-0.068070
-0.085517
-0.019798
0.030210
0.022036
-0.041686
-0.042701
-0.057099
-0.000028
-0.027333
-0.023725
-0.037086
-0.018324
-0.042464
-0.016375
-0.012211
0.024909
-0.020562
0.015990
-0.015231
-0.082708
-0.010191
0.027177
-0.048611
-0.012876
-0.052595
-0.076485
0.035935
-0.059612
-0.075144
0.001133
-0.060658
-0.019798
-0.016848
0.015625
0.015625
0.021718
0.020723
0.015625
0.012942
0.021426
0.026018
0.019710
0.028615
-0.040142
-0.038959
-0.036303
-0.046458
-0.036013
-0.022486
-0.029542
-0.040142
-0.039316
-0.033985
-0.021262
-0.079880
0.000041
-0.053010
-0.053010
-0.109763
-0.061815
-0.046354
-0.773266
-0.053484
-0.052143
-0.023607
-0.072134
-0.037438
-0.049968
-0.058438
-0.050842
-0.078765
-0.043719
-0.065505
-0.106091
-0.014695
-0.052181
-0.049187
-0.090570
-0.053364
-0.048183
-0.050062
-0.049983
-0.051431
-0.049983
-0.060476
-0.050391
-0.054331
-0.053364
-0.071856
-0.049084
-0.049078
-0.037169
-0.057429
-0.057025
-0.025531
-0.050062
-0.044387
-0.057895
-0.053364
-0.021301
-0.080890
-0.078141
-0.053364
-0.041047
-0.052092
0.016401
0.030580
0.026597
0.018267
0.011733
0.006941
0.016740
0.006941
-0.007042
0.003471
-0.061542
-0.077953
-0.086518
-0.075695
-0.085214
-0.077588
-0.059663
-0.084886
-0.045823
-0.077700
-0.085131
-0.047690
-0.088364
-0.071594
-0.054773
0.041993
0.047826
0.049870
0.049999
0.044659
0.039671
0.057891
0.025745
0.056357
0.052177
0.055307
0.042876
0.035781
0.054401
0.032191
0.049178
0.041569
0.048798
0.057608
0.043645
0.055403
0.039088
0.046544
0.047923
0.036712
0.045349
0.049117
0.035781
0.042476
0.055068
0.038121
0.043645
0.049390
0.042471
0.042273
0.039562
0.042876
0.059996
-0.089131
-0.062040
-0.101140
0.395672
-0.076825
0.065504
-0.154725
-0.058540
-0.062441
-0.046313
-0.045672
-0.018953
-0.045964
-0.007653
-0.064411
-0.053557
-0.115920
-0.045321
0.013382
-0.051263
-0.001798
0.187494
0.075524
-0.058847
0.021987
-0.055568
-0.031505
-0.189678
-0.086800
-0.036154
-0.089996
-0.030276
-0.081785
0.000763
0.056117
0.262701
-0.061010
-0.149721
-0.045497
-0.108306
-0.569429
-0.036354
0.012509
-0.207593
-0.303688
-0.146625
-1.072352
-0.045330
0.268447
0.150933
0.232758
0.182666
0.220087
0.166521
-0.472211
-0.218967
-0.323108
-0.048786
-0.356331
0.124912
-0.031267
0.065600
-0.197695
0.404587
-0.094868
-0.096836
-0.093375
-0.093832
-0.084830
-0.093803
-0.086206
-0.095874
-0.096836
-0.093229
-0.079000
-0.092085
-0.096304
-0.092384
-0.093312
-0.093312
-0.094039
-0.091577
-0.106166
-0.094384
-0.087530
-0.093312
-0.096836
-0.096836
-0.091279
-0.084429
-0.093538
-0.085189
-0.089147
-0.099161
-0.094064
-0.100385
-0.103155
-0.081646
-0.096836
-0.098211
-0.097426
-0.094868
0.015845
0.006281
0.101008
0.004053
-0.003705
0.044831
-0.000726
-0.009617
-0.325446
-0.079944
-0.051975
-0.123156
-0.006089
-0.054404
-0.114128
-0.188829
-0.090769
-0.040091
-0.121177
-0.054144
0.021592
-0.124966
0.033589
-0.114175
-0.057279
-0.081676
-0.001127
-0.018982
0.054386
-0.046392
-0.001691
-0.005105
0.004095
-0.004141
-0.001370
-0.002437
0.003021
0.004046
-0.000266
-0.001127
-0.000875
0.002637
0.001426
0.001606
-0.009339
0.004046
-0.003263
-0.003907
0.006458
-0.000086
-0.077938
0.048979
0.047844
0.050827
0.043607
0.048816
0.062981
0.048345
0.051378
0.048979
0.076116
0.055750
0.056335
0.051558
0.053675
0.043743
0.043852
0.048979
0.039528
0.052220
0.039912
0.027913
0.050243
0.069116
0.049694
0.009703
0.002240
0.019628
-0.003810
-0.029317
-0.000629
0.039031
0.065534
-0.095692
-0.100202
-0.021119
-0.091688
0.041929
-0.027030
0.022752
-0.005821
-0.022989
-0.038028
0.022923
0.101422
0.197532
0.067615
-0.071300
0.054000
0.271013
0.072274
0.077722
0.272860
-0.069056
-0.104660
0.264708
0.195744
0.072347
0.078307
0.074176
0.087142
-0.236399
0.164119
0.240924
0.093277
-0.031680
-0.039077
-0.040611
-0.031658
-0.034568
-0.032545
-0.020565
-0.025925
-0.041336
-0.042033
-0.019583
-3.919273
0.146911
0.091551
0.096539
0.103579
0.051532
0.088701
0.090069
0.047772
0.116567
0.117738
0.076183
0.090165
0.106565
0.135443
0.035992
0.078123
0.093084
0.275240
-0.005713
0.025952
-0.123234
0.139347
0.267799
-0.132909
-0.077478
0.323851
-0.014171
0.056808
0.014115
0.085900
-0.132286
0.055355
-0.221823
0.066224
0.024861
0.249030
0.260872
0.089054
0.073558
0.053406
0.071159
0.039153
0.082618
0.051468
0.035483
0.005872
-0.052252
0.126747
0.145967
-0.021271
0.016724
0.021278
0.115368
-0.009475
0.020778
0.034313
-0.196359
0.031903
0.273350
-0.058677
0.001703
-0.008840
0.026586
0.035765
-0.047481
0.051731
0.076330
0.031305
-0.281747
0.038983
0.063536
0.051325
0.044648
0.038900
0.041084
0.026063
0.040905
0.036340
0.003250
0.032005
0.023671
0.027337
0.025466
0.032676
0.045727
0.030370
0.017257
0.017257
0.033174
-0.003617
-0.013290
-0.010696
-0.006580
-0.015232
-0.013283
0.054636
0.050081
0.053393
0.054539
0.048720
0.061119
0.053402
0.058044
0.053546
0.047743
0.055465
0.051565
0.062112
0.073480
0.051160
0.064806
0.052019
0.051565
0.055597
0.049690
0.065457
0.043940
0.054601
0.041854
0.067827
0.010277
0.016786
-0.018996
-0.685202
0.014916
0.037719
0.022877
0.010277
0.027479
0.021308
0.058345
0.025619
0.023540
0.011449
0.012606
0.019685
0.010277
0.016530
0.010277
0.017336
0.021317
0.013046
0.015061
0.015543
0.035456
0.012536
0.022670
0.023086
-0.010751
0.010277
0.013499
0.031914
0.023349
-0.083561
0.201290
0.053668
0.031215
0.077738
-0.934877
0.763094
0.788349
0.788349
0.184571
-0.081891
0.440410
0.023557
-0.152664
0.011664
-0.169353
-0.165205
-0.010297
0.214104
-0.190803
-0.030549
0.559534
-0.224436
0.965491
0.154942
0.147956
0.257874
0.156172
-0.039696
-0.315703
0.061322
0.021493
-0.059738
-0.066200
-0.059738
-0.055296
-0.056205
-0.059738
-0.059064
-0.064212
-0.061749
-0.063182
-0.056820
-0.060106
-0.056557
-0.053303
-0.064967
-0.059332
-0.059921
-0.067599
-0.055422
-0.064153
-0.064547
-0.061444
-0.060791
-0.061607
-0.063683
-0.059023
-0.059738
-0.070441
-0.067496
-0.063386
-0.037812
-0.041655
-0.058057
-0.012068
-0.071439
-0.064395
0.031659
-0.008074
0.023812
0.027372
0.027372
0.020132
0.030241
0.023514
0.027372
0.026736
0.023128
0.045487
0.027372
0.027372
0.039033
0.051683
0.015127
-0.113521
0.002295
-0.230116
0.051393
0.123733
-0.134398
-0.009090
0.402198
-0.177677
-0.128916
0.147015
0.206147
-0.189968
0.225044
0.100059
-0.098105
-0.027736
0.146314
0.138735
0.138641
-0.211436
-0.035862
-0.045188
-0.038962
-0.039650
-0.036480
-0.035183
-0.038850
0.161709
0.214698
0.126490
-0.039931
0.026481
-0.009525
-0.016593
0.026588
-0.012481
0.024279
-0.026507
0.008562
-0.046517
-0.016593
-0.016593
-0.022313
-0.015517
0.006923
-0.008593
0.015964
-0.033431
-0.015027
-0.013096
-0.013477
0.012806
-0.016593
0.025904
0.031772
0.034483
0.041281
0.030860
0.046128
0.030860
0.043927
0.056476
0.035403
0.020955
0.030860
0.030860
0.050496
0.024137
0.013594
0.048297
0.024714
0.044326
-1.485463
-0.075123
0.514537
-0.054155
-0.031884
-0.053660
-0.058764
-0.051481
-0.060312
-0.060482
-0.047035
-0.049421
-0.069730
-0.073051
-0.082007
-0.055191
-0.057630
-0.071168
-0.051220
-0.053660
0.008769
0.013956
-0.002645
0.058169
-0.011196
0.002242
-0.003026
0.017461
0.005221
-0.039178
-0.050739
-0.054759
-0.041018
-0.037274
-0.046232
-0.043923
-0.064505
-0.056679
-0.046704
-0.051825
0.091187
0.074285
0.209106
0.058378
0.124987
0.049865
0.040490
0.042736
0.046208
0.052823
0.050247
0.042736
0.042736
0.047429
0.051009
0.042736
0.043159
-0.035004
-0.016749
-0.122247
-0.096178
-0.106744
-0.230444
-0.053084
-0.839752
-0.168614
0.051869
-0.298448
-0.163288
-0.190101
-0.306992
-0.020584
-0.017684
-0.145612
-0.057270
0.196703
-0.105071
0.042737
0.024065
-0.422213
-0.070427
-0.058132
-0.337232
-0.031985
0.001394
-0.066921
-0.065386
-0.069681
-0.064410
-0.072498
-0.072498
-0.068368
-0.055488
-0.056115
-0.067390
-0.058726
-0.068997
-0.058368
-0.052540
-0.072498
-0.067080
-0.072498
-0.063922
-0.056003
-0.064968
0.019010
-0.004627
-0.002732
0.001270
-0.000685
-0.000978
0.006839
-0.000158
0.007297
-0.003872
0.000987
-0.005347
0.002586
0.001528
0.002450
0.028305
0.001270
0.007387
0.001411
0.005836
-0.005347
-0.005347
0.007606
0.001885
0.004986
0.005885
0.004704
0.003704
0.004558
-0.006516
-0.004596
-0.047377
-0.005347
0.009712
-0.003468
-0.005725
0.078757
0.114442
0.019957
-0.005439
0.050364
0.032303
-0.017685
-0.012585
0.031686
0.083694
-0.040671
0.020239
0.056253
0.030312
0.059934
0.008679
-0.001643
-0.017926
0.005444
-0.056802
-0.134038
0.171788
0.083888
0.026980
0.007503
0.020724
0.054854
0.011895
0.019373
0.001877
0.023314
0.023764
0.026225
0.020505
0.019414
0.019414
0.019414
0.026811
0.021580
0.024593
0.019884
0.021568
0.036606
0.036332
0.021138
-0.000740
0.017249
0.011692
0.001288
0.007421
0.011913
0.026699
0.021124
0.000817
0.021138
0.012683
-0.035081
-0.030966
-0.027440
-0.037748
-0.004713
-0.033613
-0.027243
-0.024235
-0.032515
-0.020581
-0.028637
-0.026703
-0.022441
-0.035081
-0.027249
-0.029498
-0.027160
-0.020131
-0.035081
-0.024009
-0.012980
-0.029288
-0.031645
-0.031645
-0.027160
-0.028680
0.004979
0.004524
-0.002940
0.005891
-0.003397
0.021856
0.003238
0.003345
0.012579
0.001196
0.004524
0.009718
-0.001140
-0.008174
0.020219
-0.002864
-0.036502
-0.034942
-0.022457
-0.025886
-0.046710
-0.030796
-0.054838
-0.032944
-0.038154
-0.043219
-0.040241
-0.059670
-0.056808
-0.025732
-0.045982
-0.044040
-0.027701
0.031285
0.027907
0.026916
0.027907
0.028440
0.030500
0.027907
0.032730
0.044483
0.175978
0.101806
0.113826
-0.009877
-0.034289
-0.009286
-0.033360
-0.039252
0.035783
-0.012900
-0.011258
0.012545
-0.018505
0.163365
0.129013
