-0.810133
0.231527
-1.397545
-0.956233
-0.137313
0.620435
-1.965617
1.285714
0.320597
0.159913
-1.186307
0.966185
1.144959
-0.927947
-1.057955
-0.876240
-0.079663
0.168273
0.493714
0.983273
-0.458807
-1.085944
1.004751
-0.704103
-0.466412
-0.300694
-2.318237
0.937722
0.619310
-1.126798
-1.031844
0.356920
1.142414
0.061967
0.986953
0.171915
0.065796
0.646874
0.066712
-0.240003
-0.567486
0.914722
0.790933
-0.237364
-0.506013
0.425163
0.556909
-0.546704
0.817659
-1.112247
-0.610762
1.543729
0.138324
-0.314610
0.199685
-1.192480
0.498407
-0.728765
-0.031658
0.051165
-1.564469
0.215089
0.329402
1.354641
-0.185775
0.849340
-0.239438
-0.548038
0.159160
-0.301506
-1.104440
1.383362
0.469816
-0.132902
-0.548778
0.110855
-0.424012
-1.207475
-0.705531
-0.360338
0.049091
-0.623729
0.341300
0.978860
-0.064004
-0.459638
-0.356542
0.070192
-0.382727
1.004788
1.111775
-0.348696
-1.436542
-0.495585
0.618501
-0.435280
0.502072
0.416608
-0.011727
0.040248
0.316249
0.649559
-0.813659
0.244335
-0.869012
0.161753
1.562894
-1.657710
1.327125
0.389296
0.167515
0.972931
0.543573
0.891820
0.075225
-0.663928
-0.233902
0.345348
-0.420167
-0.395909
-1.154860
0.145221
-1.964872
1.288021
0.567061
0.772023
1.067455
0.764240
1.173776
0.219556
-0.449324
-0.369675
0.708564
-0.056180
1.301653
-0.290942
-1.015106
1.401009
-0.193493
0.106936
-0.279414
0.866591
1.136749
-0.157838
0.605023
0.783063
-0.567123
0.048703
0.540884
-0.128602
0.614478
0.014806
0.331314
-0.716081
0.060844
-0.120948
-0.444874
-0.562389
-1.212811
-0.157889
0.783011
0.825555
0.058966
-0.090878
-0.280506
0.547720
0.305077
0.049823
0.665722
0.165648
-0.128654
0.199526
0.799388
-0.482834
0.014754
1.186264
-0.838053
-0.454845
-1.133306
-0.605499
-1.788268
1.559414
-0.120999
-1.212863
0.866539
0.352111
0.053743
0.682151
-0.022512
-0.263312
0.089250
0.461027
0.633470
-1.048628
0.694179
0.427941
0.065468
0.844671
-0.128603
-0.011691
-0.930263
0.207632
1.487764
0.421529
0.437072
0.525628
-0.297790
-1.022208
-0.936294
0.059117
0.387000
-0.007448
0.074666
-0.378371
0.378360
-0.956993
0.225499
0.580741
0.072975
-0.033769
-0.095137
0.001664
-0.083494
0.111738
0.124028
-0.057686
0.093581
0.255821
-0.071476
-0.143365
-1.247798
-0.317404
0.481867
0.208706
1.549116
-1.813804
-2.303271
-0.805330
-0.485381
0.286470
0.360151
0.988611
1.037214
1.001573
0.154816
-0.948420
-0.414868
0.941402
0.485544
0.374332
1.726477
-1.352994
-0.860516
-1.288292
-0.273038
0.334669
-0.849858
-1.287941
-0.280894
-0.825966
-0.129366
-0.150784
0.929871
0.529235
1.245524
2.251689
-0.211860
-0.294421
-0.667246
-1.599294
0.652769
-0.170068
0.426084
-0.166666
0.229488
-0.007633
0.142495
0.877482
-0.701772
-0.642932
0.070192
0.709030
-0.327219
0.185394
-0.110876
0.400969
-0.224347
-1.912084
0.591845
0.018290
-0.144389
-0.402911
0.373209
0.847645
0.018580
0.246056
-0.313417
-0.286630
-1.443927
0.209428
-0.042306
0.803421
0.164461
0.237978
0.639733
-1.073095
-0.282376
0.164461
0.481347
-0.533370
0.124876
0.586646
-0.147802
0.306595
0.906861
-1.204840
0.754776
-0.839070
-1.641141
0.135894
0.296650
-0.486610
-0.108272
0.855807
-0.613518
-1.579686
0.692368
0.584924
0.298336
0.183501
0.045968
0.005833
-0.141310
-0.666382
-0.777402
0.351783
-0.711133
-0.261393
-0.170920
0.079336
0.425147
-0.803224
-0.788143
-0.677294
-1.400071
0.365012
0.143974
-0.406521
0.025884
-0.133530
-0.181517
0.645191
0.074221
0.280083
0.025406
0.136869
0.138338
-0.064590
0.283545
0.058576
-0.096489
-2.296914
0.731345
0.855850
0.322308
0.368438
1.368438
-0.882404
-0.177358
-0.539331
-1.213695
0.913403
-1.358425
-0.009769
0.250689
0.970128
-1.123683
-0.043954
1.219485
-0.567120
0.229513
0.392615
-0.046491
0.966184
0.296468
0.282485
0.122858
1.001394
0.048429
0.244182
0.436208
0.115743
0.053355
0.448970
-0.172573
0.620126
-0.241262
0.223580
-0.138579
0.297509
0.589828
0.871575
0.620126
-0.648839
-0.021265
-0.731954
0.927276
0.304200
0.360548
0.551732
0.366731
-1.272560
-0.245055
0.012382
-1.954648
-0.762526
1.484626
0.916850
-0.195796
1.513728
1.296451
-0.979368
0.111679
-1.993965
-0.447826
0.927675
-0.556247
0.685927
-0.772543
-0.912650
-0.331646
0.838787
1.341144
-0.086798
0.639436
0.744687
-0.792392
-0.253078
-0.977467
-0.051943
-0.409275
-0.217402
-2.992675
0.546232
0.354219
0.235247
0.765114
0.496420
0.351191
0.258072
0.088576
-0.875954
0.875483
0.529267
-0.862898
0.676132
0.203076
0.397812
0.496456
-0.414910
-2.156305
0.077347
-0.559068
-2.245255
-0.019769
0.555030
-1.778956
1.322324
-0.007571
0.242944
0.061293
0.177966
0.659345
-0.156560
1.118577
-0.039649
0.107838
0.047389
0.180019
-0.958220
0.341967
0.061363
-1.485289
-1.369270
0.393572
0.646096
0.383946
-2.351262
-1.289712
0.865212
0.261914
0.359042
0.409066
-0.223364
0.129422
-0.750170
0.972998
0.125436
-0.665904
2.201972
-0.445309
-0.717993
0.649728
0.737242
0.055878
-0.118275
1.677682
-0.178610
0.400370
0.388712
-0.436826
-0.014469
-0.358499
0.032316
-0.046706
1.054613
0.063973
1.001737
0.022392
-0.450852
0.682221
0.199801
0.548848
0.038590
-0.028946
-0.098983
-0.914663
-0.748383
0.367325
0.510867
-0.389586
-0.017807
0.308760
0.938623
0.683511
-0.068085
0.886318
-0.024793
-0.583174
-0.518600
-0.786088
-0.877990
0.300934
0.142670
0.359129
0.443564
0.031823
0.371086
0.624649
-1.025150
-0.044948
0.388204
0.421556
0.302171
-0.059297
-0.570511
0.130020
0.359129
-0.096036
-0.150526
0.359129
-0.265014
0.221577
0.168490
-0.196373
-0.030501
-1.153073
-0.249903
-1.107281
0.212046
-0.520294
0.477349
0.389673
0.763976
0.172889
-0.552460
-0.026947
0.049197
-0.275203
-1.662243
-0.215771
0.309713
-0.151713
-1.678577
0.725870
-0.583400
-0.145662
-1.255859
1.124637
1.544973
0.700804
0.965500
-0.094118
-0.377280
0.229529
1.421320
0.523084
-0.506456
1.772968
-0.951404
0.906066
-1.740102
0.128229
-0.083276
-0.915179
-1.104302
-0.502558
0.759309
-1.904764
-1.163276
-1.618410
0.062830
-2.047264
0.402749
0.248433
-1.983565
-0.617111
0.714145
0.406622
0.671669
-0.339128
0.217126
0.262430
0.281804
0.706747
0.477059
-0.126373
0.325543
0.784162
0.788932
0.369390
0.281509
0.433586
0.221330
0.204477
-0.184790
0.868636
2.199298
0.105780
-0.021579
0.225981
0.218935
0.699105
-0.019469
-0.282295
-0.195805
0.175844
-0.045214
0.960867
-1.032824
0.286502
0.110968
-0.204514
0.589037
0.658066
-0.153837
-0.253548
0.282031
0.993193
-0.322747
-0.362694
0.948735
0.647191
-1.850270
0.707551
-1.684512
0.176521
-1.590522
-0.880022
1.988556
-0.112954
-0.959101
0.226644
0.077869
-0.320511
-0.196993
0.759178
-0.608403
-0.148709
-0.583751
0.375716
-0.170639
0.382092
-0.319386
1.298675
0.626280
-0.625582
-0.275246
-0.328643
0.050312
-0.160837
0.513201
0.185390
0.107769
0.654307
1.480024
-0.261512
-0.332772
0.810494
0.000719
-0.424482
0.494497
0.540158
0.788198
-0.151429
0.026582
0.203082
-0.225570
1.324745
0.099680
0.196752
1.091953
-0.215857
0.395229
-0.498756
2.117683
-1.639628
-2.350189
-2.225299
-0.264646
0.015633
0.853478
-0.724283
1.364979
1.178021
0.005192
-0.707186
0.821539
-0.058675
0.941521
0.405919
-0.394297
-0.403689
0.548606
0.005109
-0.499369
0.608446
-0.545643
-1.377536
0.857009
0.977267
1.005599
0.299994
0.914331
0.632824
-0.905171
-1.129935
-0.322866
-0.087988
-0.787201
-0.938435
-1.957640
-1.501133
1.013331
-0.653902
0.190643
-0.047759
0.090673
-1.039675
-0.429656
0.097927
0.348819
-0.951899
0.469059
0.857344
-1.414485
0.458280
0.201754
-1.028401
0.062646
-0.785482
-0.928130
-0.039065
-0.070413
0.511865
0.924506
1.821838
-0.409043
-0.259397
-0.082629
0.909326
-0.824407
0.597954
0.262756
-1.739754
-0.358016
-2.012655
-0.909377
-0.312546
-1.232944
-3.233697
0.088878
1.728856
0.763189
0.042793
1.451725
-0.222577
-0.180084
0.033117
-0.261850
-0.075387
0.068016
0.273878
0.252626
0.326622
0.100102
-0.049579
0.110778
0.263928
0.017112
-0.258735
-0.063369
-0.068010
0.101206
1.378470
0.878135
0.299090
0.439730
-0.039097
-0.017537
0.489216
0.665834
0.780525
0.047758
1.052458
0.715491
-0.100414
0.463749
-0.099345
-0.902074
0.398113
-0.699251
0.306462
0.050269
-0.908105
-0.567742
0.016726
0.921358
0.415188
0.925435
0.905149
1.279483
0.656328
1.123518
0.453884
-0.312371
0.217376
0.161851
-1.130381
1.043876
0.688847
-0.102419
-0.282326
-0.405196
-0.732851
0.414964
0.456000
0.507084
0.207488
0.814627
-0.126104
0.409634
0.967711
-0.434061
0.618804
0.420616
0.077143
-0.192191
-0.561044
-0.322854
0.550267
-0.507953
1.009632
0.417529
-0.362062
-0.729501
-0.328078
-2.791066
0.029644
0.048428
-0.477650
0.122930
-0.715825
0.541263
0.101273
-1.026279
0.113827
1.011771
0.777462
0.189225
0.529588
1.166808
0.333495
-1.050466
0.200865
0.031043
0.415389
0.791463
-1.246889
0.352258
0.448993
0.180877
-2.003085
-2.147935
-1.377537
0.173256
0.182759
-0.386718
0.284175
-0.058557
0.196468
-0.088274
1.376007
-0.744603
-0.502184
-0.086943
0.235430
0.286265
0.238878
-0.359895
-0.172198
0.621688
0.288147
-0.622559
0.286265
0.749681
0.359072
-0.491443
-0.336031
0.042294
-0.036929
-0.577933
0.077208
0.445097
0.496556
-1.209444
-1.137148
0.467631
-0.251967
0.552667
-0.322149
0.066065
-0.944919
-1.016695
1.196767
1.066179
-1.006326
1.038561
-0.440460
-0.040695
-2.251506
-1.009365
0.423367
-0.735832
0.403989
1.410832
-0.442621
0.021632
-0.137501
0.725490
-0.065726
-0.043513
0.963393
-0.554726
0.374914
0.300887
-0.606838
0.374914
0.181292
0.524533
0.345970
-0.454313
0.462590
-0.435575
0.638005
0.064258
0.184275
-0.180589
-0.701496
0.482449
-0.819172
0.052296
0.108608
-0.163204
-0.263185
-1.153399
0.374914
-0.245922
0.469631
0.485050
0.016319
0.404291
-0.707777
-2.162911
-0.380183
-2.338955
-2.259616
0.484446
0.847777
0.072746
0.336774
0.049670
0.192370
1.557595
0.060936
0.013128
1.348058
-0.043875
-0.119786
-2.876319
-0.033893
0.134689
-0.511236
-0.694268
-0.325267
1.537711
0.211038
0.112877
0.825265
0.202961
-1.108112
-0.286676
-0.210985
0.208473
-0.086959
-0.005420
1.003925
0.316747
0.871843
0.477738
-1.724142
-1.470143
-2.031605
-2.490819
0.120154
-0.652874
0.263315
0.023766
0.013332
-0.763895
-0.009956
0.071631
0.038633
0.447763
-0.384107
0.560919
0.241856
0.330836
0.608103
0.915620
0.260816
0.356638
0.230756
-0.439135
-0.689403
-0.002989
-0.890107
0.322476
0.378824
0.413338
0.815021
0.385007
-0.109285
0.638402
0.708762
0.364053
-1.254284
-0.690401
-0.153974
-0.522378
-0.972678
0.519888
-0.390542
-0.744250
0.167712
0.686969
-2.032308
-0.736791
1.415473
-1.415291
0.970014
0.507911
-0.254812
0.587203
-1.082116
0.554581
-0.462584
-0.786689
0.820145
-1.468273
-0.318794
-2.314408
0.994396
0.581216
-0.492778
0.786260
-0.147631
0.056614
-0.405862
0.129711
-0.352385
-0.150425
0.655789
-0.080443
-1.105690
-0.097906
0.281583
0.421407
0.467068
0.398824
-0.298660
-0.880121
-0.122020
-0.419581
-1.910949
-0.134897
1.233012
-0.031842
0.638930
-1.793981
-1.381856
-1.767710
-1.951216
-1.810640
0.282646
1.440704
-0.525349
0.122361
-0.474192
-0.973415
-0.936873
0.275744
-1.336981
1.036078
0.796490
1.293875
-0.310434
0.977999
0.723024
0.984451
-2.201950
-0.657825
-1.011855
-1.475758
-1.030811
-0.445877
0.250315
-0.323365
-1.321557
-0.545762
-0.082885
0.805408
0.075762
0.905488
-0.648334
0.184110
-2.103469
0.604022
-2.279513
1.040138
0.315264
-0.491359
0.952953
0.115912
-0.710682
0.779911
0.145681
0.900649
-1.645610
-0.268262
-0.504270
0.315264
1.128947
-0.863660
0.315264
-0.263124
0.528316
0.929920
0.313445
0.633531
0.647923
0.352969
0.550564
-0.181170
-0.226011
-1.377451
0.395551
0.801961
-0.213942
-0.775503
-0.394983
0.265798
1.025777
-1.691580
-2.062085
-1.197824
-1.260760
1.338217
-0.669339
0.985599
-1.484133
-0.845948
0.325540
-1.472105
-1.572475
1.057903
0.596943
-0.318082
1.221638
-0.616474
0.199308
0.655459
1.265952
-0.790440
-0.955668
-0.594011
-0.658305
-0.317078
0.061130
-0.193560
0.480478
0.311654
0.212988
0.849343
-0.198110
0.388779
0.740893
0.220316
0.065511
-0.379874
0.139716
0.024646
0.815020
0.589542
-0.313600
-0.666470
-0.667377
-1.698496
0.358199
0.959210
-0.262573
-0.628375
0.674742
-0.261704
0.056682
-0.234972
-0.183247
0.045862
-0.104408
-0.017918
-0.393085
-0.123978
-0.003623
0.581220
-0.091691
0.207861
0.463452
0.051711
0.644537
0.652178
0.053786
-0.233808
0.179068
0.427471
-0.731728
1.414935
-0.104522
-0.061623
0.379017
0.407260
0.304990
0.528637
0.051212
-0.574586
0.379017
-0.431472
0.164367
0.644537
-0.245126
0.125622
-0.176485
-1.246680
0.886450
-1.133185
-1.024769
0.009179
0.351363
-1.149296
-1.501086
0.779248
0.379017
-0.429442
0.000844
0.089147
0.657789
-0.021593
0.785580
1.180559
1.057339
-0.383330
0.734041
1.205512
0.877402
-0.417115
0.317745
0.268699
-0.468206
-0.252602
-0.357814
-1.944491
0.063453
0.301146
-0.213200
0.250247
0.100951
0.704287
0.138202
0.976046
-1.059694
-1.369723
0.578392
-0.082619
0.127302
0.650666
-0.292146
0.486822
0.855710
-0.396168
0.069239
0.002071
0.601209
-0.282935
0.306931
-0.307655
0.470656
-0.010993
1.306830
-0.155070
0.434129
0.291415
0.325783
0.879077
1.321104
-0.032583
-0.052570
-0.708401
-0.373655
0.573630
1.088312
-1.841499
-0.065447
0.588537
-0.093874
-0.684865
1.596501
0.685063
0.894297
-0.576783
-0.085901
-0.100487
0.039043
-1.717631
0.276965
0.295468
0.531224
0.156040
0.604819
0.028775
-0.763561
-1.495608
1.270880
0.092074
0.223376
0.068535
-1.142914
-0.615107
0.051185
-0.377437
1.302494
0.097400
1.549806
-0.130608
-0.572049
-1.981757
0.342503
0.142196
0.031349
0.402129
0.033424
-1.025624
-0.752091
0.387730
1.394573
-0.458880
0.301697
-0.124884
-0.059771
0.386898
-0.309907
-0.623097
0.175441
-0.594948
-0.096510
-0.151000
0.358655
0.101701
-0.357225
0.714689
0.047999
0.885937
-1.267042
0.866088
-0.066865
-0.030975
0.586155
-0.278356
-1.045131
0.466190
-1.254035
-0.011183
0.036038
-0.179462
0.547563
-1.521448
-1.796419
0.492713
-0.403021
1.144817
-0.250161
0.533690
1.118445
-0.449134
0.600674
0.600539
0.651580
-0.446160
-0.312745
-0.702201
-0.332927
-0.535956
-0.060985
-0.078448
0.734565
0.418281
0.384137
-0.271908
0.241423
0.275791
-0.027051
-0.595719
0.260111
0.143119
-1.891491
0.278718
0.277965
0.434676
-0.059500
0.479967
1.057668
0.479164
-1.310940
0.040776
0.760814
0.475654
0.427122
-0.239811
0.345587
0.197067
-0.382208
-0.384382
0.936835
0.088668
-0.276036
-1.803637
0.750851
0.498220
0.312776
0.336732
0.492452
0.927494
1.535179
0.211004
0.331978
-0.640431
0.940366
-0.434852
0.232607
0.390782
0.354342
1.354342
0.175043
-0.647480
0.054110
0.139117
-2.695575
0.363629
-0.115199
0.660031
-1.096541
-0.978176
0.322011
1.009328
-0.352400
1.152694
-0.087700
-1.604898
-2.014360
0.339315
0.335324
0.391888
0.027000
0.615189
0.026522
0.478870
0.615189
0.107423
0.118098
-0.251414
-0.063474
-0.056049
0.015206
0.196046
-0.875498
0.024728
0.532024
0.075112
0.010653
-0.358002
0.227163
0.926738
-0.347560
-0.518472
0.104966
-0.024597
-0.751883
-0.290864
0.290099
1.062565
-0.566882
-2.390953
0.145388
-0.277889
-0.495263
-0.404919
-0.104669
0.372940
-0.047915
0.255756
-0.168129
0.582469
-0.476085
0.604579
-0.229896
-0.288359
0.327622
-2.122495
-0.896049
0.314599
-0.103974
0.822032
-0.003698
-2.056233
-0.957694
0.372662
-0.166103
-0.051538
-0.341664
0.356640
0.895891
0.374269
-0.426683
0.239751
-0.109659
-0.595032
0.892360
-0.320511
-0.602029
0.468150
0.320250
-0.128295
0.479589
0.754244
0.852115
0.883019
0.088979
1.101070
0.124437
-1.464547
-0.684905
-2.383970
0.044193
0.895891
0.091391
-0.479327
0.044193
0.876860
0.073137
0.637609
0.100279
0.738181
-0.573424
0.258245
0.370901
0.544984
0.528593
1.165814
-0.484695
0.199871
0.073349
0.467036
-1.550503
-0.487673
0.718333
0.120909
0.160030
-2.047539
-2.004079
-2.148929
0.289612
-1.378531
0.172261
0.181765
0.283180
0.062507
0.119141
1.153205
0.022858
0.410840
1.687993
0.325576
-0.832610
0.079055
-1.855857
-0.019090
0.103227
0.345235
1.379851
0.330026
0.512765
0.382489
-0.775697
-1.721665
0.037824
1.908029
1.144810
-0.438136
-1.612110
0.032463
1.194632
0.024037
0.573387
0.735707
0.415275
0.060526
0.058919
0.233874
-0.464550
-0.672245
0.532827
-0.453321
-0.807520
-0.451151
-0.149358
-0.583902
-0.661556
0.941578
-0.285661
-0.223453
0.867168
0.365746
-0.290299
-0.669157
1.252721
-0.241784
-0.879054
-0.120953
-0.442037
0.027656
0.241721
-0.133830
0.259575
-0.025737
-0.127138
-0.059093
-0.342792
-1.128108
-0.510918
-0.900217
0.348461
0.150157
0.765191
-0.208083
1.067055
-0.091171
-0.207014
0.290444
-0.383967
-1.536811
0.115241
-0.057400
0.446148
-2.402784
-1.341235
-0.263555
0.159869
0.460763
0.509111
-1.007950
0.424782
0.268287
-0.441206
0.440930
0.319371
0.451242
0.147220
0.811379
-0.200068
0.119375
0.161679
0.121225
0.187863
0.621856
0.100781
-1.249368
-0.049192
0.307934
-1.135874
-0.260682
0.483864
0.053711
0.565237
-0.261770
-0.903233
0.017298
-1.503774
0.376329
1.373997
0.650821
0.967276
0.694508
1.748331
-1.060020
-0.209750
0.085324
-1.098024
1.182429
1.228616
-1.328563
0.592366
0.008620
0.256557
-1.206300
-0.702235
1.272310
0.904599
-0.444944
-0.908595
-1.383819
0.310728
1.078851
1.026005
-2.123063
1.488080
0.072677
0.024176
-1.886224
0.444130
-0.634328
-0.728663
0.083609
0.275918
-0.386423
-0.735031
0.060414
0.339539
-0.009820
-1.578469
0.297958
0.598884
0.068347
-0.402813
0.036414
-0.072970
0.544451
0.274596
0.305746
-0.283523
-0.225404
0.532537
0.443649
0.333096
0.333280
0.274596
0.726826
-0.518402
0.207183
-0.491241
-0.972408
1.381310
-0.360226
0.655868
-0.025834
-0.093003
-0.357827
-0.378009
-0.581038
-0.106067
-1.131314
-0.244945
0.395783
-0.623121
0.230710
0.099888
-0.455860
-0.069573
-0.147644
1.042214
-2.343694
-1.936573
-0.160521
0.233636
0.601525
0.246283
0.125791
0.093759
-0.077138
-0.069712
0.993927
-0.021599
0.226982
0.511464
-1.046413
0.231909
0.316304
0.108392
-0.356540
-0.033617
0.182164
-0.666380
-0.000736
-0.434539
-0.010371
-0.736647
0.065773
-0.258627
-1.645667
-1.645667
0.663903
-0.780913
1.561549
0.239559
-0.253079
0.565215
0.047196
-1.122581
-0.961853
1.610102
0.247685
-0.910501
-1.933747
-1.458967
0.718457
1.010006
-0.486392
0.898695
-0.258329
1.043199
0.508132
-0.363214
0.254507
0.422516
1.019730
0.606202
-0.296940
-0.015421
1.002713
-0.147294
0.335007
-0.650717
0.832054
0.019966
-1.627651
-0.797274
-0.200442
0.376062
-0.279961
-1.165947
0.309586
0.857248
0.616694
0.277039
0.631086
-0.617317
-0.160866
0.533728
-0.065098
-0.045904
0.344021
0.747162
0.000950
0.683463
0.695623
0.253811
0.013192
0.501139
0.451428
0.423235
-0.550468
0.374517
1.546520
0.327967
0.441672
-1.074902
-0.771018
-0.707472
0.980875
-1.106163
1.074743
-0.409978
-0.427521
-1.897974
0.158951
-0.597527
0.424303
0.230501
1.057412
0.520589
1.084791
1.027496
0.244151
1.496890
0.302640
0.895467
1.447250
0.440251
-1.276913
-0.285927
-0.016681
0.855293
1.052917
0.404321
-0.038117
-0.054880
0.404321
1.420854
-1.222123
-1.214253
0.003190
0.152656
0.912846
-2.682036
-0.365465
0.036835
0.819043
-0.897496
1.331630
0.109925
-1.020423
0.117179
-0.576138
-0.487699
-0.542367
-0.563126
0.357024
0.439595
1.195604
-0.504614
0.038464
-0.470843
0.072109
0.830552
-0.869398
0.560459
0.330099
-0.310760
-0.309741
-0.287158
0.140761
-2.971161
0.588257
0.090522
0.101788
-0.203187
-0.050489
0.064166
0.161791
-0.114769
0.366332
-0.761052
-0.237308
-0.023564
-0.358358
-0.873491
-0.004377
-0.210918
0.463403
-2.926897
-0.029750
-0.409232
-0.457275
0.488682
1.358152
0.612967
-0.260672
0.401929
-0.658088
0.608716
0.410927
0.372070
0.061895
0.351295
-0.759909
0.620457
-0.659780
0.614767
0.387037
0.320561
0.868223
0.288014
0.596465
0.544703
-1.154972
0.323753
0.093015
-0.162432
-0.192659
0.228296
0.529377
-0.092247
-0.047350
-0.789129
0.899045
-1.977377
0.000071
0.095590
-0.277268
-3.198418
-1.118936
0.124156
-0.313742
-1.640082
0.641439
-0.929581
-0.584212
0.315431
0.867174
-0.437560
0.813219
1.211066
-0.624314
0.111833
1.341966
-0.064032
-0.080795
-1.010087
-0.400069
-1.248037
0.126741
-0.477363
0.886931
0.397261
-0.602174
-0.234327
0.456146
0.489931
-0.438210
0.435859
0.470742
-0.463615
0.669459
1.026216
-0.235403
-1.415115
-1.116597
-0.416769
0.013160
-1.466424
0.487588
0.707926
0.389997
-1.201279
0.694210
0.431318
0.211242
0.262513
1.830920
-0.146246
0.283587
1.221245
1.408986
0.144131
-1.141427
1.279540
-0.487647
-0.079004
0.874902
1.487815
0.063754
0.818376
-0.899528
-1.182329
-0.531150
-0.368556
0.257496
1.662085
0.281813
1.616678
-0.825500
0.585939
1.561012
0.310833
-1.345640
-0.107222
0.156488
0.309318
1.221246
0.314350
-0.382806
0.065341
-1.079142
-0.070782
-0.032107
0.182529
-0.558664
-1.319517
0.046437
-0.121060
0.833344
-0.377115
0.008047
-0.636148
0.900892
-0.571574
0.082041
-0.839063
-1.416014
0.569679
1.228322
0.335269
0.135060
-1.176975
0.257789
-1.397839
0.702540
0.320061
1.516881
0.505223
0.715303
0.142355
-0.985198
1.605773
0.493179
0.836223
0.512553
0.225725
0.374577
0.146992
0.751462
0.509113
-1.205807
-0.120925
0.393340
0.490075
0.760409
0.162985
0.107450
0.559232
0.202106
-0.828876
-0.318977
0.331688
-1.336455
0.223841
-1.576930
-0.063250
1.053918
0.075463
0.624354
0.936616
0.577499
0.517454
0.959811
-0.726106
-0.554307
0.123920
-0.261048
0.439990
-0.403812
-0.174898
-0.300939
0.892839
-0.307088
0.397365
0.754358
0.936616
-0.414641
0.068806
0.084918
0.170145
0.156242
-0.209760
0.214116
0.928434
-0.083775
-0.936878
0.197340
0.245431
0.985150
-0.174027
-0.050001
0.300426
-0.685297
-1.716416
0.831284
0.715311
-0.129656
0.933260
0.089500
0.119959
-0.280493
0.042317
-3.156173
-0.685297
1.287231
0.087634
-0.013714
0.092715
0.294791
0.435929
-0.078417
-0.917916
0.630213
0.223521
-0.128768
1.502428
-0.229181
0.187680
-0.449811
-0.945666
0.578055
-2.211865
0.758207
0.158203
0.444036
0.775372
0.303089
0.486673
0.246308
0.350263
0.024162
0.909277
0.280243
0.853227
0.028438
-0.094290
0.182755
0.239402
-0.089859
0.598167
0.583802
0.437032
-1.234857
0.490512
-0.137254
-0.953251
0.485899
0.274018
-0.278386
-0.333679
1.088915
0.444317
1.078547
0.419282
0.745244
0.182774
-1.914810
0.332530
-1.110364
0.761133
-0.030431
0.305434
1.710855
0.210721
1.016992
-1.366039
-0.772950
0.343433
1.034080
2.663087
-1.663992
0.670118
0.435544
-1.746095
0.411405
0.576161
1.065391
0.554514
1.014065
1.559762
0.403731
-0.715286
-0.200374
0.230652
0.407333
-1.215277
-1.740978
0.571080
-0.173710
0.554514
-0.003596
-0.294750
1.540881
-0.013232
-1.109092
-1.648528
0.444289
0.663919
-0.202055
0.661043
-1.252399
0.177896
-0.783773
0.062912
0.164220
0.022566
-0.180282
-1.080906
-0.853015
0.991992
0.395663
0.033190
0.655024
0.036686
-0.160881
-0.043969
-0.159811
-0.962541
1.024963
-0.522797
-0.102336
-0.336764
-1.489609
1.168330
-0.010198
0.404794
0.641776
-0.330067
0.351266
-1.054486
-0.383694
0.048373
-0.521098
-0.507996
0.071348
-0.311393
-0.417652
-0.708809
-0.117403
-0.741407
0.321349
-1.021807
0.152731
-0.449111
0.759870
0.569736
0.354876
0.254954
0.912953
-0.488819
0.564046
-0.267413
-0.519953
-0.720716
0.138356
-1.629737
0.178863
-0.242751
0.682710
1.218431
-0.119207
0.679834
-0.764982
0.083105
1.577480
0.081703
-1.215788
0.670199
0.045111
0.003736
0.169230
0.275407
-0.824850
-0.905525
1.290613
0.174108
0.936418
0.768749
-1.701995
-0.037397
-1.892090
0.986129
0.977098
0.308836
0.805188
0.386588
-1.858885
-2.105425
-1.117398
-2.019077
-1.572532
0.988303
1.758909
1.006699
0.213943
0.564531
0.051832
0.049093
-0.042746
2.468904
-0.173083
0.059935
0.848600
-0.445917
-0.663883
-0.471392
-0.758219
0.929325
0.460930
-0.386616
0.078713
-0.898134
-0.415979
0.583322
1.030992
-1.090797
-1.748380
-0.239393
-0.634747
0.316727
0.492303
-0.501388
1.230542
0.982896
0.649593
-0.205429
-0.171033
-1.186760
-0.022262
0.459367
0.488160
-0.381250
0.174044
1.186598
0.742313
-0.692764
0.507535
0.218676
0.521764
0.966466
-0.205752
0.515524
0.438519
-0.669487
0.767524
-0.451429
0.491999
-1.915458
0.540802
0.376396
-0.055423
1.299356
0.373816
-0.076117
-0.377396
-0.560608
0.094533
0.462422
-0.571566
1.232948
1.056686
-0.717265
0.879261
-0.885539
1.000156
0.311070
0.019957
-0.583616
0.646691
0.736254
0.908843
-1.611773
0.643971
0.558845
1.065532
0.895639
1.097663
0.111005
-0.093765
0.537535
0.134634
0.402701
0.499612
-0.511484
0.157043
1.408352
1.318671
-0.788882
0.819077
-0.680716
1.655665
0.448362
0.250317
0.251441
0.013038
-0.032822
0.045439
0.325435
0.409616
-0.877667
0.022560
0.157951
-0.389181
1.073124
0.219342
-0.064921
-1.010976
1.394051
-0.660745
-0.923200
0.125852
-0.478252
-2.708840
0.010032
-0.676062
0.777630
-0.037519
1.580053
-0.711604
-0.960624
-0.060398
-0.617551
-2.759699
0.936840
0.502876
-0.451711
-0.204311
-0.527063
0.123590
-0.718297
1.069755
-0.467762
-0.390716
-1.478563
0.010046
0.645482
0.804983
0.117843
0.077709
-0.594506
0.405959
0.321683
0.125833
0.079099
0.219914
0.656800
0.048412
-0.009901
0.616175
0.465593
0.807647
-0.695204
-0.481259
-0.419572
0.946046
-1.884490
-0.166254
-0.546637
1.676563
-0.118777
0.128226
1.162257
0.097353
-0.622819
-1.291233
-1.347071
-0.203386
0.294825
0.566307
0.681157
-1.116334
0.253277
1.033311
-0.812169
0.451600
-1.661199
0.112867
0.411822
0.117519
0.986064
1.455458
-0.831989
0.371130
0.627323
-1.949226
-0.504104
0.808235
0.171574
0.209552
0.845601
0.138496
0.581699
-0.938729
0.228269
0.910977
0.141222
0.227643
-1.293847
0.248146
-1.758230
-0.774437
-1.001863
-0.513149
-1.191610
-1.237096
-1.846572
-0.943436
-0.835271
0.808235
-0.242816
-0.216084
-0.164358
0.064751
-0.085520
0.280419
0.201084
0.506929
-0.090493
-0.071304
0.034452
0.451926
-0.172089
0.183601
-0.270045
-0.249923
-1.031207
0.492677
0.078755
-0.712585
-0.064074
-0.489559
0.668333
0.386897
-0.480495
0.390407
0.543207
0.025488
-0.551042
0.690561
-0.016200
-0.225291
0.342031
0.581359
-0.061150
0.507909
-0.910570
-1.135334
-0.153940
0.435490
0.038914
0.481599
0.165996
0.868942
0.043212
0.658541
0.478089
0.403550
0.384471
-0.216873
0.092818
0.965997
-0.381946
0.643318
-0.548122
0.939271
0.364987
-1.801202
0.763250
0.367161
0.001853
-0.294754
0.630743
0.526682
1.147980
0.213439
-0.637995
-0.421641
0.091103
-0.237376
0.640734
0.954048
0.078682
0.305617
-0.063712
0.066068
-0.003396
-0.393251
0.386340
0.032346
-0.176575
-1.365457
-0.629204
0.096686
1.202171
0.180450
-1.682113
-1.137476
0.552280
-0.416002
1.614639
0.234368
1.037454
1.513566
-0.396822
-0.030058
1.860696
0.515974
-0.154667
-0.914046
-0.472038
-0.089564
0.577140
0.320480
0.436765
-0.839088
0.101669
-0.276869
-0.020168
-0.009491
0.076174
0.021665
0.219548
-0.073865
-0.314665
0.037897
-0.780965
0.094245
-0.199358
0.700983
-0.900982
0.972917
0.625777
0.154571
-0.063044
0.084443
0.023994
-0.981616
1.005888
-1.508684
0.143368
-0.029273
0.385719
0.474275
0.332191
-2.374657
-1.041347
-0.149625
-0.079450
-0.077518
0.113806
0.023052
-0.012222
0.992478
0.033676
-0.043483
0.104004
-0.159326
0.338132
1.025449
1.092509
-0.336279
-1.489123
1.455972
0.389737
0.405280
-1.588777
-1.054000
-1.998239
0.549321
-0.383208
-0.043254
-0.130064
-0.428546
-0.477265
-0.110394
-0.350643
0.722800
0.101658
-1.025894
-0.328635
0.777847
0.147983
0.209344
-0.029426
1.167193
0.333880
-1.050081
0.031428
-2.369596
0.103392
0.531959
0.625831
-1.549124
1.230102
0.161410
-0.366323
0.173641
-0.902811
0.284560
0.057092
-0.750025
1.343924
0.980487
-2.485481
0.877020
-0.293998
-0.674381
-0.619978
1.548819
0.000482
-2.182074
-0.130224
0.385360
0.393129
-1.275001
-0.233035
-0.515088
-0.786495
-0.248667
0.799935
0.260210
0.040345
0.336717
-0.212027
1.049851
0.618024
-1.014462
0.692164
-1.538833
-1.269791
-1.401612
-1.265418
0.254061
0.157338
0.910641
0.318214
-1.811970
-0.218655
0.747042
-0.206287
0.333120
0.226018
0.066390
-0.008039
0.781227
-0.035673
0.642389
-0.349595
-2.263326
-2.151625
-0.069568
-0.146274
-0.326181
0.448864
1.318334
0.340138
-0.697906
0.311477
-0.049745
-0.743467
-0.545504
-0.477916
-0.097904
0.064388
0.012188
0.340333
-0.099857
0.093330
-0.552486
0.216871
1.391719
0.170013
-0.031042
0.343978
-0.960335
0.428159
1.184168
0.041103
-0.341627
0.471935
-1.085943
-0.560433
-0.462147
0.282282
0.546826
0.142635
0.422084
-1.152616
-3.589599
-1.743876
1.332093
-0.351952
0.517501
0.316382
0.291272
0.433777
0.617463
-0.128186
-0.285679
-0.020724
0.040736
0.059514
0.957849
0.349993
0.721319
0.051194
0.386120
-0.901772
0.987131
0.979101
-3.110332
-0.639456
-0.600454
0.702663
-0.697504
-0.343156
-0.214588
-2.259600
-0.242270
-0.274431
0.189637
-0.769167
0.531986
0.103418
0.586957
0.537246
-0.433027
-0.042433
0.449405
0.002071
0.053163
0.657317
0.041726
-1.489453
-0.205419
-0.523788
-0.278224
0.468443
-2.413849
-2.355295
-0.629129
0.191002
0.977473
0.626303
0.741153
-0.752454
-0.100153
-0.123566
-0.685126
-1.004511
1.093307
0.511596
0.356175
-1.971709
0.971891
0.172863
-0.409964
0.442867
0.709531
-0.321602
1.397835
-0.552454
-1.393757
0.377994
1.468116
1.888885
0.687319
0.274373
0.658280
-0.556526
0.897166
0.667719
-0.841088
1.202204
0.059138
0.194529
-0.409576
0.078708
-0.352603
-0.059533
0.353354
0.111093
0.605957
-0.104360
1.069669
0.473807
0.486350
1.478969
0.127388
-1.190942
1.558189
-0.133754
-0.477664
0.391450
-1.178020
-0.688997
-1.920439
0.269967
1.080096
0.348453
0.344124
1.535916
-0.756132
0.527896
-0.836808
0.446128
1.402790
1.005136
-0.899773
0.028337
0.924025
1.099954
-0.631724
1.054847
1.045815
0.455305
-2.036707
-0.818673
-1.122655
0.177426
0.519701
-0.236689
1.421408
0.189577
0.445167
0.626253
-1.023546
0.208657
0.131624
0.510353
0.032928
-0.215663
-0.148922
0.448409
0.172267
0.623824
0.223181
0.050077
-0.064788
0.549641
-1.167580
0.001702
-2.914382
-0.109543
0.981502
-0.131473
1.275400
-0.016938
0.727348
0.098105
-0.037632
-0.338911
0.894247
-0.522122
0.083684
0.153191
-0.281316
0.383542
0.233116
0.443173
0.939749
0.447746
0.079041
0.433347
0.404272
0.617299
0.340077
0.992751
0.221058
2.169985
0.210651
-0.105382
-0.406217
0.669792
-0.219871
-0.225118
-0.388950
0.034434
-0.789813
-1.062138
0.081655
0.137966
0.593180
-1.228817
0.049990
0.374840
0.687306
-0.320262
0.058063
-0.758593
0.372260
-0.077673
-0.325083
0.261924
0.043643
0.049436
0.460866
0.972524
-0.126764
0.636098
0.888863
0.725797
0.351370
-0.536049
0.245945
-0.354159
-0.045167
-0.648741
-0.200580
0.535302
-0.364998
0.843718
0.317699
0.138318
1.495209
0.230652
0.039260
-0.806927
-0.912433
1.810479
-0.423719
-0.576609
0.091919
0.195120
0.246637
1.075248
0.402421
-0.262462
-1.249406
0.321419
0.180523
0.412390
1.131828
0.087331
0.330250
-0.419573
-1.056937
1.803627
1.212275
1.289321
-0.451375
-0.092676
0.058384
-0.987277
0.413517
-1.679300
0.344583
0.633147
-0.838920
0.147124
-1.274496
0.077823
0.251662
1.213232
1.421507
-1.658045
0.406756
-0.263515
-0.434864
1.173545
1.018591
1.494704
-0.607302
-0.364527
0.780885
0.090180
-0.951625
1.050052
-1.715190
-1.227316
-0.771626
-1.432638
0.290570
1.336234
1.185359
0.126057
0.782535
0.397887
-0.366398
-0.421691
0.499943
0.346964
0.126695
-0.163393
-0.214737
0.225611
-0.188005
0.168695
0.229163
0.029049
0.033167
-0.044744
0.167946
0.689043
0.559034
-0.077011
0.043344
0.628187
-0.062414
-0.010897
0.223164
-0.043225
0.062530
-0.144011
-0.044724
-0.154212
-0.239877
-0.190794
0.614478
-0.402134
-0.120273
0.315815
1.196976
0.915651
-0.439105
0.045974
0.197793
0.500880
-0.154790
-0.210639
-0.098476
0.220006
-0.056979
-0.226635
0.053546
0.708793
0.364083
0.076649
-0.226749
-0.110971
-1.936341
-0.131990
-0.346019
0.150267
0.074342
0.197071
0.521627
0.376270
0.618967
0.654585
-1.294479
0.094191
0.111744
-0.592066
0.086274
0.373287
0.654600
0.395753
-1.569145
0.756420
0.332622
-0.928614
-1.357974
-1.375343
-1.045782
-1.637648
0.300630
-0.107910
-1.913777
1.711888
-1.096463
-0.120615
1.072005
0.563598
1.192173
-0.876106
0.555923
-0.581770
0.881555
-0.027823
1.168423
0.217024
-0.256651
0.350660
-0.406966
0.555739
-1.098017
-0.481387
-0.301547
1.042408
0.989562
0.671151
-1.745062
0.185320
1.037206
0.243195
-0.243993
0.189306
0.789544
0.956134
0.292754
-0.098165
-0.399925
-0.201500
-0.424113
-0.435736
0.712366
0.294175
0.800229
0.555120
0.138499
-0.024560
-0.147288
-0.747249
0.467278
0.186404
0.536436
0.019944
0.545169
-0.007994
0.071036
0.043047
0.220552
-1.471579
-0.187546
-0.635584
-1.006249
-0.002913
-1.366927
-0.144573
-1.204253
-0.162017
-0.777821
0.134141
0.394739
-0.084089
-0.307894
-0.280115
-0.164808
-0.002549
-1.065431
0.620843
0.735533
1.115421
-0.314481
0.048665
0.054147
-0.145406
-0.018585
0.261471
-1.474134
0.420269
0.657251
0.450854
0.366741
-0.953096
0.209937
-0.028265
0.370197
1.104076
1.008264
0.570359
1.079176
-0.652081
0.191781
0.776193
0.533450
1.553960
0.397929
0.404230
-0.608870
-0.721088
-0.793654
0.298680
0.569071
0.484016
0.224850
-2.778423
0.548712
-0.295295
0.116114
0.294251
-0.185432
0.355133
1.160149
0.897178
0.771954
-1.302937
0.460577
-0.529556
0.244881
-1.107172
-0.756941
-1.345122
-0.267652
-0.300915
-0.662887
-0.119809
0.029656
-0.629116
-1.481982
-0.620126
-0.035638
0.067942
-0.453089
0.407535
-0.665917
1.245291
-0.415233
0.031975
-0.430679
0.803147
-0.550074
-0.637586
-0.430534
0.411048
-0.135304
-0.434376
-0.804656
0.759105
0.757435
0.661779
-0.165019
0.037039
0.041713
0.973174
0.716237
0.971795
0.197032
-0.082503
-0.908288
0.242081
-0.606960
-1.029694
0.689576
0.002473
0.982369
-0.062128
-1.081929
0.003515
-0.160280
1.062816
-0.141172
-0.206138
0.054319
-2.115497
-0.270740
-0.027820
-1.320053
-0.179692
-2.285336
1.242015
0.337260
-2.240066
-0.332404
0.445524
1.385599
0.172446
-0.009305
0.726316
-0.265019
0.276303
0.229633
-0.690402
-0.654526
-1.344363
0.323491
-0.115309
-2.145184
0.423094
-1.556640
0.166568
0.002055
0.397242
-1.862237
0.117576
-0.498654
-0.717491
0.619957
0.194293
-0.334002
-2.830985
-0.240040
0.031581
0.116188
0.427297
0.274436
0.152474
0.153944
0.348432
-0.111849
0.603537
-0.027769
-0.113449
0.679133
0.195385
-0.778420
-0.251140
-0.110313
0.029217
0.620569
0.484741
0.267139
0.030389
0.521398
-0.148089
0.594992
0.387322
-3.062889
-0.051230
0.421850
0.018949
-0.735567
0.058709
-0.474279
-0.387263
-1.807703
1.202986
0.087574
-0.140434
-0.114164
1.003003
-0.379373
0.601441
-0.176293
0.346450
0.613537
-0.054130
0.035717
1.433858
-0.153883
0.307887
-0.454727
-1.858302
0.310060
-0.565669
0.187870
-0.351854
0.537427
-0.021010
0.128688
0.078789
1.090880
1.480514
0.277314
-0.294476
-2.394160
0.034003
0.885701
-3.691599
-0.465556
0.034003
0.034003
-0.015374
0.585094
-0.248026
-0.171606
-0.128708
0.159856
0.340175
0.311932
0.099677
0.311932
-0.483150
-0.641671
-0.143232
0.311932
0.104328
0.054978
0.577452
0.058537
0.174380
0.001277
0.020120
-0.436619
-0.077698
-1.091854
-1.300758
-0.882153
0.045626
-0.226185
0.500840
-0.326167
-1.321157
-0.967629
-1.216380
-1.568171
-0.196514
-0.152176
0.049539
0.599076
0.462758
0.091310
-0.058371
0.076985
0.325806
0.528648
0.103501
1.325095
-0.295955
0.812391
-0.971207
-0.273947
1.242436
0.168900
1.619765
0.507171
0.850215
0.832535
0.202671
0.426968
-0.003035
0.388568
0.434014
0.904709
-0.311985
0.573224
0.216098
-0.814885
-1.322464
-1.300634
0.339248
0.111780
-0.602186
-0.189074
0.836647
-0.038719
-0.644017
-0.293681
0.031877
0.075418
0.443307
0.166955
0.089334
0.524363
-0.377075
0.768232
-0.182824
-1.457075
-0.040598
0.235241
-0.455523
-1.609246
0.444589
0.037570
-0.252519
0.005637
-0.103748
0.988936
1.304932
-0.494987
0.761436
0.819183
0.804909
-0.238564
0.371805
0.823863
0.230351
0.422377
0.738926
0.521021
-0.731131
-0.348015
-2.931415
0.116674
1.602709
-0.593994
-0.159330
0.479214
0.472303
0.014133
-0.950397
0.010019
0.318097
-0.064410
-0.355623
-0.660189
0.323369
-0.092044
-1.015214
-0.594878
-0.255149
-2.174581
-1.217675
-1.571859
0.575809
-0.137087
0.407460
0.496960
0.598057
0.400462
0.203642
0.549453
-0.418432
-0.449892
0.508715
0.253038
-0.261126
0.689425
-0.050014
-0.438731
0.585421
-0.047470
-0.129495
0.607079
0.022073
-0.866249
-0.765587
-0.699318
-0.188185
-0.336932
1.281130
-0.292792
-0.346189
0.444196
-0.207535
-0.655330
0.228165
0.471579
1.049280
-0.237784
0.408749
0.467266
0.418735
-0.015451
0.931979
-0.248199
0.337199
-0.227696
0.337199
0.188679
0.512817
0.955174
1.480135
-0.730744
-0.320264
0.928448
-0.107606
-0.408450
0.011009
0.931316
0.504237
-0.866718
0.190063
-0.500479
0.683415
-1.428460
-0.347389
-0.419279
-0.443240
0.391651
0.152034
1.416889
1.575271
0.356718
0.225104
0.190214
-0.449100
0.013073
0.177942
-0.442665
0.168323
-0.281544
-0.178861
-0.776280
0.549546
0.524873
0.202258
0.172198
-0.747961
0.024002
-0.061547
0.770678
-0.172274
-0.269228
0.320266
-0.115568
0.520183
0.579844
0.505817
0.034613
-0.165932
-1.958273
-1.312842
-1.496566
-0.530901
-0.285337
-0.187004
-2.362408
-0.241537
-1.161431
0.015178
-0.002866
1.213024
-0.380336
0.326851
0.146669
0.466846
0.366570
0.353891
0.603251
-0.968682
1.244780
-0.232154
1.114192
-0.794465
0.235012
-0.419922
-2.203493
-0.057152
1.029518
0.049564
0.324414
-2.029634
0.050605
1.704661
-0.113519
-0.797404
0.104791
-0.848445
0.111971
0.420049
0.420049
0.990507
0.980049
0.826807
0.703641
-0.691294
1.313360
0.808892
-0.387401
0.687970
-0.304014
0.104856
0.380101
-0.272493
-2.928470
-0.593836
0.359614
0.418531
-1.308517
-1.064006
-0.296489
0.663385
0.948783
1.008954
1.019695
1.147675
-0.553572
0.679675
0.162197
0.088324
0.473969
0.492925
0.645904
0.338448
0.679675
0.053954
-0.949772
-0.759277
-0.853135
-0.147656
-1.280911
0.165369
-1.798381
-1.280560
-1.806261
-0.518389
-2.837904
-0.121985
0.238519
0.489231
1.914066
-1.175594
1.574758
0.912299
-0.996094
0.063932
0.187873
0.125446
0.332224
-0.128058
0.587328
0.064707
-0.218885
0.107289
0.024321
0.022714
-0.253133
-0.065193
-0.062408
-0.004952
-0.090110
0.053294
0.043608
0.003116
0.105122
0.117411
0.085379
-0.148382
-0.064302
0.096055
0.002389
-0.447008
1.160162
0.538189
-0.040763
0.706634
-0.362524
-0.255270
0.328256
-0.459259
-1.651793
0.386258
0.312737
0.174377
0.989275
0.344676
0.645603
-0.356094
-0.026252
-0.803168
0.724015
-0.200110
0.714562
0.396329
0.095897
0.681147
0.770115
0.361446
-0.631642
-1.064784
-2.063982
-1.242356
-0.179825
0.713974
1.386886
-0.037175
-0.561160
-1.283258
-0.641923
1.807213
-1.446569
0.051061
-0.967529
1.545061
-0.120297
1.042397
0.610675
0.253770
0.871590
0.486537
0.971670
1.189637
-2.037286
0.708225
-1.295538
-2.258881
-0.525728
0.524771
-0.380878
0.071460
-0.347123
0.901186
0.414676
-2.107771
-0.325042
0.599721
-1.618804
0.653250
-1.712476
0.539587
0.111493
0.028901
0.336321
0.591426
-0.214788
-0.005876
0.273627
0.402254
-0.261819
-0.945642
0.623683
0.608459
0.095248
0.330129
0.465797
0.628303
-0.128655
0.783859
0.166028
0.304309
0.659380
0.567165
1.113122
0.178581
0.299556
0.725685
-2.754346
-3.669357
0.056245
-0.240396
0.855506
-0.924219
-0.308189
-0.250811
0.371035
0.952561
-0.733356
-0.393208
-0.076184
0.925835
-0.268298
0.432741
0.077668
0.008396
0.928703
0.501624
-0.107672
-0.522005
0.231535
0.581091
1.134545
-1.028821
-0.250811
0.372351
0.124866
-0.951121
0.511495
0.898838
0.688437
-0.089297
-0.207177
0.876832
0.660435
0.972697
0.414366
0.613581
0.377918
0.451075
0.229398
-0.361082
-0.044090
1.520854
-0.349877
0.181736
0.969166
0.700533
0.076838
0.793146
0.693057
0.848613
-0.396603
-0.264858
0.065986
0.369063
0.959825
-0.115913
-0.402521
0.404867
0.817844
0.038045
-0.224410
0.052160
-0.616396
0.527334
0.604817
0.208271
-0.494110
0.643717
0.856265
-0.343125
0.048975
-0.415168
-0.024574
-0.394474
0.288891
-0.244255
-0.132093
0.186390
-0.245564
-0.142871
-0.260251
0.019930
0.604817
0.071022
0.675177
0.330467
0.043033
-1.933301
-0.723986
-0.214775
-0.260365
-0.144587
-1.969957
-0.162031
0.134127
0.026089
0.318172
-1.535498
0.065803
0.185764
0.269643
0.019660
0.371619
0.027059
-0.028470
0.427150
0.426347
-0.377525
-0.012040
0.422837
0.791684
-0.350006
0.615385
0.910745
0.231409
-0.118001
-0.603374
-0.364693
0.884019
-0.310114
0.431980
-0.610371
0.886887
0.459808
-0.391418
-0.053399
-0.481751
-0.019161
-0.292628
0.348298
0.546772
-1.472889
-0.067483
-0.201061
-3.938572
0.035851
0.035851
0.025729
0.863574
-0.781355
-0.433371
0.508173
0.537678
0.941813
-0.697089
2.170787
-0.335862
-0.315153
0.793246
-0.571898
-0.465000
-0.393592
0.795481
-1.028754
0.550290
-0.749178
-0.433220
0.706057
0.867106
-0.000705
0.357526
0.310091
0.218645
0.867240
-1.195658
-0.021693
-1.330285
-1.590315
0.238030
0.603705
0.027891
0.225758
0.075003
0.550177
0.627660
0.320094
0.230339
-0.728464
-0.006007
0.879108
0.250074
0.627660
0.161328
-0.641306
0.692261
0.071818
0.710657
-0.013731
-0.325593
0.187020
0.490108
0.804278
0.014835
0.406863
-0.164717
0.460343
-0.983420
-1.947114
-2.373147
-0.401284
-0.754992
0.520808
0.725770
0.630114
1.155464
0.227192
-0.241105
0.165367
0.173303
-0.217502
-0.628216
-0.102432
-0.337195
-0.638624
0.057081
0.853784
1.035691
-0.537576
0.204978
-0.695566
0.732708
0.964779
0.508921
0.397709
1.749854
0.074258
0.285546
-0.552066
-0.933776
-0.764573
-0.006072
-1.782385
-0.524971
-0.105989
-0.222996
-1.941194
0.505227
0.125122
0.050423
-0.044644
0.436230
0.669730
0.098760
0.213015
-0.102916
0.612470
0.049463
-0.037266
1.226936
-2.145103
-1.323477
-0.261054
-0.260946
-0.751798
0.574023
-1.387933
-1.773787
-0.449007
1.057803
-0.448191
-0.344276
-1.007550
-1.527690
-0.289272
0.127268
-1.190764
-0.411337
0.342539
-0.231956
-0.047090
-0.461429
-0.039070
-0.423574
-0.080130
-0.376351
-0.645927
-1.303013
0.256520
0.034188
-0.498346
0.029514
-0.117293
-0.029039
0.393041
-1.586692
-0.880649
-1.938397
0.932766
-0.132743
0.367058
-0.233402
-0.666719
0.012566
-0.729212
1.014310
0.023023
-0.127986
0.958961
-1.644560
-0.228569
0.044778
0.759462
0.213708
0.037564
0.636679
0.240228
-0.334494
-0.518508
0.440550
1.310021
-0.244239
-0.308804
-0.318325
-0.415062
-0.133717
-0.011532
-0.114813
0.362796
-1.019217
0.926017
0.303164
1.033943
-0.751780
-0.808040
-0.549338
-1.053280
-0.403581
0.838390
0.223461
-0.397146
-0.236025
0.371968
-0.133342
0.732898
0.595065
1.183906
0.159031
-0.004028
-0.126755
0.184723
0.309437
0.565702
0.351014
0.481571
-1.912754
0.241084
-0.703440
-0.985717
0.506849
-2.316889
-0.403581
0.143787
0.145683
1.899880
-0.135999
0.949753
0.155699
0.858617
-0.133312
-0.074637
-1.616628
0.406128
1.107501
1.934936
0.503576
1.114955
-0.682825
-0.479724
1.014452
-0.004326
0.668732
1.105313
1.323414
1.211029
0.729332
-0.655320
-1.677309
0.596146
0.725401
-1.720239
-0.545802
-0.985100
-0.352529
0.373047
-0.247798
0.196241
0.500367
0.999328
-0.626565
-0.068185
0.680658
0.223746
-0.883014
0.106466
-0.382956
1.044229
-0.306044
-0.231911
0.525997
1.081471
0.692060
1.188458
-0.456312
0.416468
0.623101
0.515259
-0.098966
0.122852
0.837170
0.068963
0.068963
0.172411
-0.720498
-0.732556
-0.466346
-3.005846
-2.173485
-0.441535
-0.742964
0.553572
0.261644
-0.031769
0.187241
0.136341
1.015013
0.056211
0.678045
0.360667
1.047984
-0.011039
1.115044
0.269017
1.191351
0.664797
-1.566242
0.374287
-0.494834
0.571856
-0.605187
-1.346692
-2.411790
0.280614
0.078624
0.855553
0.202104
-0.142398
0.699785
1.137830
0.637406
-0.122997
0.080953
0.213583
-0.484913
-1.451725
1.493370
0.027686
0.531234
-0.479971
0.586720
-1.256148
0.232346
-0.178469
0.898776
-0.092666
0.092701
0.610720
1.345764
0.015869
0.845429
0.564717
-0.267829
0.084733
-0.050243
-0.435956
-0.825255
0.531422
0.840154
-0.205637
0.131278
0.203459
0.365407
0.203114
1.196090
0.432555
0.032912
0.521110
0.407386
-0.490095
-1.970964
-0.994511
-0.188592
0.635931
-0.049472
-1.040329
0.755323
-0.225330
0.162884
0.415375
0.402696
0.959522
0.087758
1.050798
1.293585
-0.082680
0.495154
-0.002233
-0.586801
0.283818
0.485010
1.135379
0.074072
-0.343641
0.692558
-0.008347
-0.225330
-1.200763
0.547793
-0.024155
-0.313468
-0.313468
-1.320492
-0.274723
0.287518
1.921916
0.427513
0.327237
-0.593867
-0.419669
0.871384
0.332183
-0.892975
0.091437
-0.007508
-0.997645
1.047241
-1.396798
-2.242826
0.407259
-1.260022
-0.387379
-0.394979
-0.413421
-0.612945
-0.446070
-0.420453
0.980263
0.741018
0.129651
0.935805
0.634260
0.694621
-1.697442
0.123610
0.663556
0.570870
-0.123871
-0.464600
-1.569388
0.559552
-0.073339
-0.017181
0.235753
-0.892117
0.327166
-0.463114
-0.006831
-0.725187
0.289346
-1.104145
0.025763
-1.344520
0.069960
1.045585
0.808340
-0.819061
-1.737918
-0.102771
0.486515
-0.176238
-0.864066
1.094954
-1.301219
0.544676
1.131611
-2.920044
-0.331731
1.443897
1.726112
-0.441243
1.984057
0.301988
-0.190707
0.090038
-0.913946
-1.679421
0.265551
-0.223507
-0.296692
-0.413604
0.150560
0.783963
0.426705
-0.510659
0.330060
-0.357769
-0.759373
-1.651531
-2.237202
-0.288616
0.248748
0.448983
0.613556
0.343571
0.755876
0.428772
-0.268033
0.475442
0.326502
-0.581223
2.166242
-0.428698
0.143575
0.784173
0.646057
-0.078270
0.124982
0.375063
0.628029
-0.675881
0.508064
-1.360057
0.077912
0.134223
-0.237570
-1.212958
-1.392473
0.041498
0.400529
0.400529
0.379482
0.163743
0.379482
1.632876
-0.169492
-0.007575
-0.021649
0.127817
-0.530956
-2.706876
-0.390304
0.011996
-0.419315
0.354701
0.578843
0.879303
-0.154763
0.306838
0.253391
0.138555
-0.286143
-1.600280
-0.035662
-0.048073
-0.923009
-0.045121
-0.822348
-0.756078
-0.078864
-0.653378
0.363586
-0.211288
0.322836
-0.323673
-0.312993
-0.486341
-0.485272
-1.218274
-0.107921
-0.463932
-0.239851
-0.401263
-0.670839
0.289696
0.231608
-1.229671
0.377796
0.724998
-0.325198
-0.142205
-0.491344
0.615914
-1.113278
0.254946
0.041527
-1.179951
1.030931
0.839769
-2.038496
0.390399
0.400385
-0.033801
-0.266549
0.318850
-0.026203
0.063645
-0.103159
1.461785
-0.411119
-0.091921
0.122667
1.014251
-0.426799
-0.197885
0.337988
-0.537742
-0.110557
0.453088
-0.330076
-0.518829
0.665065
0.572851
-0.667168
-0.450814
-0.437629
0.061931
-0.105174
0.503279
-0.031315
-0.022440
-0.124744
-0.986725
-0.058630
0.118491
0.060769
-0.075253
-0.065673
-0.309262
0.964272
0.308170
0.087734
0.027499
0.051283
0.269407
0.421902
0.773983
-1.198240
-1.302866
-0.714023
-1.367985
0.385392
0.109374
0.109364
0.203141
-1.452487
0.382340
0.625037
1.046870
-1.039846
-0.342586
0.100261
1.551126
-0.585996
0.763896
-0.487760
-1.563075
-0.380274
-1.369273
-1.039711
-0.445033
0.216855
0.043141
0.204804
0.267076
-0.489273
-0.197857
0.384003
0.662319
-0.247087
0.089370
0.500615
1.048533
0.745415
0.534076
0.170566
0.292878
-1.062368
-2.381884
0.456128
-0.173909
0.956267
-0.378960
-2.058447
-2.014987
0.278704
-0.935012
-0.070459
0.333002
-0.375496
-0.174591
0.798100
-0.518886
-0.087527
0.359549
1.400049
-0.704750
-0.266615
-0.459346
0.467801
1.120713
1.024900
0.265100
1.570597
0.372982
0.420867
0.315316
0.500653
0.418168
-1.792544
-0.446651
-0.197395
1.042959
-1.881073
1.990184
0.972190
-0.511733
-0.077068
-0.180397
-0.817094
0.802438
0.504239
0.265891
0.251908
0.251908
0.400359
-0.287131
0.491295
1.293669
0.504275
-0.208563
0.668280
-0.007428
-0.323704
-2.125735
0.118103
0.891357
-0.592565
0.721605
0.854774
0.423406
-0.336143
-0.808861
-0.948968
0.175068
0.456253
-0.354194
-0.658760
-0.791817
0.708369
0.592011
-2.229319
-0.445593
-0.593450
-2.173152
-2.206567
-0.473435
0.781707
-0.107677
0.818329
-0.345367
0.892189
0.620024
0.473027
-0.441591
0.915384
0.032295
0.592704
-0.360054
0.101227
0.620024
-0.448240
0.712637
-0.144849
-0.345367
0.475887
0.431648
-0.004641
0.150273
-0.540269
0.643625
1.097367
-0.568092
-0.062844
-0.472254
0.335174
-2.387673
-2.770101
-0.287989
0.040490
0.040490
-0.039489
-0.236982
-0.979126
0.133012
-0.030059
0.203366
-0.055902
-0.032148
-0.481545
-0.307995
0.337433
0.953488
0.238750
-0.611133
0.221177
-0.393811
0.160952
0.006943
0.385780
0.640173
0.031785
-1.068421
0.266506
0.535613
-0.366394
0.149950
-0.255647
-1.029027
-0.625428
0.911613
-0.140513
-1.405293
-0.416952
-0.029027
-0.379528
-0.102377
1.159502
1.645467
-2.369532
0.311879
1.205993
0.746263
0.009545
0.816455
1.700705
-0.246169
0.999028
0.731452
0.363712
-0.969885
-0.236262
0.151846
-2.488562
0.616171
1.063313
0.274686
0.992586
0.204284
-1.136605
1.370512
1.210552
0.271208
0.506076
-2.016371
0.454186
2.229907
-0.635247
-1.527405
0.744650
-0.689028
-2.237966
-0.164490
0.419628
-0.241487
-0.204807
-0.221365
-0.052238
-0.035516
2.183849
-0.558835
-0.371138
0.808544
0.571765
-0.162931
0.028268
0.403393
-1.354377
0.012358
-0.176172
-0.537306
1.028758
0.323153
0.937490
-0.233846
0.625775
-0.041996
0.014193
-0.532473
0.278343
0.999682
-0.313206
-0.033272
0.433975
0.556247
0.330018
1.069737
-0.246933
0.469461
1.052720
0.385014
-1.631829
0.388739
1.070811
1.017847
0.174087
0.222422
-0.150435
0.111695
-0.561708
-0.148837
-0.338413
-0.511761
-0.691992
-0.473906
0.056087
-0.026697
-0.489352
-0.623271
-0.160920
-0.696259
0.206188
-0.489206
-1.255091
0.352376
-0.548678
-0.863329
-0.167625
1.004541
0.197397
-0.338009
0.021107
-1.430263
-1.010721
0.026188
-1.025657
0.680679
-0.396366
-2.233286
-1.725325
0.935572
-0.130733
0.777052
-0.194432
0.777052
-0.299644
0.971838
0.333334
-0.677615
-0.288308
0.730655
-0.152421
0.684272
0.010477
-0.443884
0.012495
0.113308
-0.250984
-0.871402
-0.770740
0.013885
-0.041644
0.154700
1.106235
-0.222074
1.153423
0.671726
1.344637
-2.078347
-1.918420
-0.603408
-1.042706
-0.410135
-0.674327
0.456547
0.315442
0.114318
-0.779772
-0.968678
0.442761
-0.910931
0.167656
-0.229098
-0.684171
0.420242
0.810524
-1.151892
0.246914
1.208484
-0.150061
-0.640805
0.402008
-0.970584
-0.338014
0.807504
-0.268264
1.591029
-0.707650
-0.838809
-0.420432
-1.087196
-0.178278
0.882646
0.080934
0.591467
0.380661
-0.300343
-0.272326
0.004430
0.001179
-0.058670
0.334698
-0.257031
0.595880
0.010874
-0.877448
-0.058590
-0.448445
0.007838
-0.710517
-0.363339
-1.145023
0.243944
-0.063525
1.651891
-0.273407
0.560429
1.404949
0.496851
0.431553
0.043362
0.106512
0.591699
0.362201
-0.074210
-0.153619
-0.042312
0.321643
-0.973159
0.366655
-0.432651
-1.443916
-0.433604
-1.470272
-0.461770
1.001741
0.998701
-0.497697
-0.117384
0.539561
0.661523
-0.501558
-1.351362
-0.855538
-0.119554
0.943522
0.013813
0.368706
-0.101229
-0.919186
0.961687
0.117927
-0.252066
-0.617868
-1.305829
-1.216566
-0.462051
-0.027535
0.075999
0.121999
0.104210
-0.156155
-0.092233
0.074369
-0.736889
0.001337
-0.444591
0.619083
1.004849
-0.298805
-0.372716
-1.272932
0.546031
0.023406
-1.278870
0.005362
-0.799485
0.523872
-0.195726
0.335078
0.122306
1.969476
0.475073
-0.845415
-0.269819
0.607106
1.010220
-0.123258
-0.042811
0.371132
-0.892615
-0.786237
0.398927
0.444432
-0.368636
0.651980
0.576833
-0.274741
0.863937
-0.052738
-1.577368
-0.254616
-0.069363
-0.147357
-0.324362
0.026337
-0.234108
0.153407
-0.719543
0.583336
0.136820
-0.735614
0.628123
1.286766
1.087828
0.881021
1.052186
1.062928
1.190907
0.232215
-0.243813
0.205430
0.087828
0.992015
0.689137
0.424946
-0.165451
0.101494
0.097187
-0.906540
-0.222424
0.385282
-0.497735
-0.479536
-2.794671
-0.195760
-0.411028
-0.039249
-0.000574
0.214062
0.080139
0.657870
-0.046235
0.170762
-0.540042
-0.807530
0.430326
-0.322859
-0.414426
-0.037803
0.094251
-0.182269
-0.438802
-1.139682
0.308379
0.080787
0.927124
-0.515178
-0.725398
-0.726306
0.182715
-0.891174
0.870999
0.955630
-0.035656
-0.186666
0.900281
-0.225865
-0.878139
-1.976141
-3.197182
0.615813
1.018534
0.508176
-0.122617
-1.466515
0.655051
1.151449
0.542714
-0.135391
-0.363428
0.450556
-0.301321
0.527187
-0.280612
-0.438782
-0.441954
0.994935
0.584831
0.248193
-0.141452
0.692742
0.059234
0.443655
0.901646
0.033836
-0.840269
1.681037
0.403725
-0.154694
0.877460
0.344632
0.958969
0.446077
0.134089
-0.212368
0.253186
0.901781
0.306867
-0.510995
-1.161117
0.485527
0.012847
-1.555774
0.088950
-2.053342
0.514936
1.557801
-1.986342
1.165340
0.538612
1.332617
1.173044
0.798534
-1.282251
-0.435664
0.396696
-0.273576
1.540309
-0.425745
1.831773
-1.092509
-1.422008
0.047850
0.689861
0.075622
-1.085083
0.074176
-0.236268
-0.388357
0.138573
0.373442
-2.149005
0.321552
-0.366277
-0.821662
-2.370600
0.048907
0.340990
0.616260
-0.623728
0.052913
0.190692
0.150540
0.263224
-1.779497
-0.825277
0.858900
-0.024997
-0.948444
0.937251
-0.533830
0.043901
0.583786
-0.847080
0.537521
0.845938
0.332121
0.038268
0.083169
0.495940
0.647772
1.002627
1.034758
0.071729
1.219609
-0.609603
0.111489
0.292704
-0.334483
1.345447
-1.754923
0.140354
-0.743621
1.592760
-0.817345
0.232192
0.187412
0.789678
0.709995
0.508535
-0.225913
0.179639
0.467785
0.946091
-0.168044
0.519232
1.356987
1.424060
0.914844
-0.094902
-0.452902
-0.254428
-0.438378
0.434645
0.154226
-1.084722
0.522745
-0.023607
0.043676
0.992753
-0.050112
-0.342649
-0.245216
0.463207
0.002094
-0.471150
0.629270
-0.334803
0.700229
-0.933398
0.083037
0.596527
0.119323
-0.145000
-0.026916
0.109212
0.007378
0.005771
-0.082136
-0.146600
-0.553638
-0.450542
-0.579043
0.554031
-0.626995
-1.530542
-0.549803
-0.006371
0.635176
-0.147196
0.054519
0.270067
0.014027
0.015390
0.128323
-0.010453
-0.436097
-0.071821
-0.008794
0.001115
-0.093952
-0.021124
0.620422
-0.948431
0.163707
0.081537
-0.086574
0.029874
-1.011103
1.033384
0.937572
-0.564782
0.988897
0.177772
-0.298257
-0.952250
-0.030141
0.327237
0.333538
0.833062
0.717781
-0.791780
-0.770487
-0.033279
-0.158867
-0.276868
-0.947560
0.330839
-0.853688
-1.817472
-0.409171
0.029370
-0.264321
0.299843
-0.078477
0.933246
-0.536079
0.229441
1.395669
1.235709
0.353552
-0.291047
0.769806
-0.663871
-0.139333
1.712011
0.086875
-0.557922
0.257077
-0.901049
0.546390
0.449733
0.158393
0.736599
0.731597
0.355230
-0.282227
0.199817
0.132887
2.063694
-1.580630
-1.064302
0.562531
-0.650308
-1.917001
-0.926285
-1.023322
-0.874292
1.945523
-2.577477
-2.623975
-2.608042
0.465190
-2.879636
-0.213866
0.410712
0.981964
-0.122117
-0.498927
0.528536
0.985357
0.341786
-0.202968
0.576175
0.374090
0.282218
-0.098147
0.146933
0.404878
0.750492
0.195526
0.013774
0.529058
0.299383
-1.287732
-1.256165
0.367941
0.432094
-0.739612
0.325057
0.156076
1.421601
0.696159
-0.706992
-0.362438
-0.670850
-0.570302
0.752071
0.135469
-1.091023
0.933459
-0.083239
0.296250
1.252048
-0.928979
-0.055956
0.095930
-0.436079
-0.415569
0.590199
-0.107352
-0.763184
-0.989457
0.106524
0.518848
-1.896282
0.089503
0.273175
0.291086
1.122992
-0.339679
0.108468
0.011020
0.547733
0.089563
-0.249425
0.138090
-0.333988
0.182356
-0.528448
-0.108108
-0.384546
-0.496429
0.402316
0.328795
0.190435
-0.112510
-0.417262
0.994965
0.131124
-0.158964
-0.010194
0.748834
0.691087
0.450635
0.042792
0.198304
0.038677
-0.035752
-0.764588
0.352027
-0.801481
-0.460695
-0.262167
-0.986556
-0.061032
-0.566220
-0.345787
-2.179338
0.808936
-0.066563
1.035421
0.595982
0.838859
-0.234913
0.175801
1.115667
0.273249
-0.207976
0.430612
0.068595
-0.240137
0.223931
0.298634
0.566280
0.621251
0.135979
0.065409
-0.008140
-0.171971
-0.227821
0.202825
0.396187
0.367856
-0.229129
0.036365
0.561590
0.008426
0.087456
0.547224
0.346902
-0.171125
-0.989829
0.013507
-1.187832
-1.953523
0.178805
-0.242759
0.239233
0.238524
0.238524
0.238524
0.466024
0.238524
-0.674778
1.014134
-0.030363
-1.174631
1.685933
-1.883096
0.096717
-0.771967
-0.067309
-2.851844
1.294877
0.092670
1.848763
0.898636
-0.991515
-0.948449
0.031276
-0.607876
1.056384
1.011604
0.452459
0.169526
0.309350
0.007822
-0.733942
-0.214089
-0.258754
1.095527
0.609858
-0.133015
-0.232727
0.545620
0.668012
0.134576
-0.290590
0.685084
0.288634
0.488956
1.358426
0.166437
0.122343
-0.970812
0.986587
-1.362104
1.124036
0.609730
-0.500932
0.294017
0.305949
-0.690043
-0.216418
-1.392247
-0.007237
-0.172704
1.182416
0.300541
0.070930
-0.400230
-0.219158
-0.053534
-0.487338
-0.084323
-1.015399
0.582844
0.063781
1.149702
-0.858085
-0.619622
0.232263
-0.833711
-1.293661
0.412369
0.684975
0.059887
0.290183
-0.810074
0.392187
0.951194
-1.877314
0.991874
-0.441904
-1.009464
-0.973831
0.123485
0.465760
1.773685
0.236202
-2.083375
0.220743
0.179464
1.356494
-1.535495
-0.368557
-0.855878
-2.465584
0.562675
-1.934557
0.042266
0.126874
0.437982
0.640364
0.285122
0.164629
0.359118
0.614222
0.091601
0.016920
0.153049
-0.030874
0.093254
0.616483
0.452774
-0.537540
1.442335
0.716894
-0.637910
-0.370461
0.691191
0.247182
-0.045041
0.156203
-0.062504
-0.036970
0.316984
-0.251327
0.901503
0.434225
0.160914
-0.844719
-0.008548
-0.667777
0.127259
-0.579775
0.061991
1.103240
-1.875547
-0.307128
-1.437638
0.866571
0.170750
0.244268
0.665060
-0.293963
-0.177525
0.514609
0.719379
-0.188183
-0.284820
0.142184
1.090724
-1.516022
-0.246724
0.072748
0.149679
1.398948
0.356934
-0.029584
-0.084111
0.362142
-0.273686
0.055414
-0.659864
0.059737
-0.024676
-0.341867
-0.096194
-0.663775
0.270914
0.048583
-1.190365
1.445237
-1.994006
0.175256
-0.976810
0.108216
-0.819496
0.649694
1.557133
0.105409
0.569019
-1.092839
0.460541
-1.632275
-0.185803
-0.791895
-0.005688
0.194149
0.010489
0.139521
-0.585828
0.505683
-0.060315
-1.003588
1.256936
-0.308571
0.079186
-1.695611
0.112989
0.066636
0.693099
0.015829
-1.711946
-1.299483
1.511605
-1.290807
-1.148091
0.099863
0.279363
0.023323
0.187757
0.613353
0.137619
-0.128174
-0.128174
0.587212
-0.010090
0.107172
-0.253250
-0.057884
-0.062525
0.481072
-0.028999
-0.370157
0.660600
-0.109712
-0.021612
0.254826
0.100792
0.588816
-0.152712
-0.243540
-0.068632
0.082634
0.091725
-0.512696
-0.183480
0.197260
-0.412848
-0.602078
0.591508
-0.645693
0.066314
0.552079
-1.226942
-1.322144
-0.472428
-0.239000
-0.415383
-0.652633
0.779420
0.331523
0.411302
-0.935890
-0.102610
0.355653
-0.009780
-0.427493
0.411545
-0.094626
-0.658185
1.435764
0.025341
1.224848
-1.499599
-0.793556
1.269272
0.084500
-0.906275
0.503811
1.066133
-0.496393
-0.085484
0.417096
0.550104
0.438892
1.791037
0.111133
-0.702098
0.566770
-1.741202
-1.223380
0.295698
0.546411
0.191241
1.054595
-0.104582
1.037577
-0.212069
0.064340
1.056294
0.373597
0.409724
-0.076212
1.010735
-0.762409
-1.097321
0.028257
0.612357
-0.812237
-0.010132
-1.731094
-0.095947
-0.857242
-0.445852
0.153016
0.438266
0.543166
0.843626
0.494562
0.392536
0.499791
-0.718728
-1.467817
-1.078049
-0.658140
0.913994
0.437125
0.697518
-0.984580
0.083617
1.088317
0.599987
0.491988
0.908718
1.210582
0.499608
-0.063486
0.433972
1.121288
0.688065
0.271679
0.501119
0.738101
0.290787
0.052585
0.957217
-0.034225
-0.423695
0.312892
1.464559
-0.458946
0.235411
0.482845
-0.458666
0.692926
0.813846
0.227664
0.564683
1.185512
-1.031761
-0.464996
0.802910
0.049747
0.121711
0.644150
-1.530805
1.248421
0.416783
0.738031
0.140608
0.085073
0.199581
0.633308
-0.841529
-0.341355
-1.358833
-1.337003
-0.412762
-1.459419
0.138840
-0.184551
-0.124348
0.600813
0.864025
-0.689797
0.075724
-2.144931
-0.515093
-1.655965
-1.403183
-0.105389
-0.275002
0.060423
0.101848
0.168772
-2.118807
0.380181
-2.215512
-0.482560
1.039417
0.526936
-0.585132
-1.160501
1.346616
-2.040266
1.239383
-0.340099
0.720754
0.235135
0.567987
0.560536
0.238687
-0.813213
0.042691
0.177470
0.568558
0.512723
1.193471
-0.001395
-0.179412
0.072054
-0.008548
0.001360
-0.158053
-0.206041
-0.948186
0.255559
0.589549
0.234307
0.589549
0.308303
0.083368
0.000400
-0.001207
-0.277054
-0.153578
0.106401
0.188465
0.300800
-0.013624
0.603566
0.344250
0.137000
0.422004
0.367174
-0.293941
-0.257260
0.058845
0.158775
0.902422
0.187144
1.148727
0.792245
0.912227
0.376624
0.479440
-0.375253
0.753855
-0.432983
-1.068145
-0.012515
-0.472611
0.618810
-0.574937
-1.406830
-0.228626
-0.507402
0.304485
0.060157
0.603530
-1.185157
-1.235049
-1.405427
-0.816495
-2.032179
1.489129
0.768613
0.556002
0.692129
0.150550
0.634977
-0.667192
0.834887
0.646036
1.356003
-1.672292
0.196038
0.877238
-1.870159
0.330766
-1.002309
-1.836955
0.385674
-1.997147
1.010234
0.130639
0.470558
0.010194
0.651741
0.080770
0.071085
0.143419
0.144888
0.112856
0.071859
-0.211733
-0.002821
0.133308
0.123532
-0.055256
-0.419922
-0.061223
-0.033704
0.553447
-1.647847
-0.260861
0.376036
0.664600
0.324109
0.946252
0.740266
-0.807467
-0.021260
-0.569004
0.178577
0.282882
-0.005082
-0.783092
-1.233898
0.135513
1.348256
-1.422140
0.301068
0.115409
0.581270
0.074168
0.047806
0.587658
0.110454
-0.153869
-0.153869
0.090567
-0.452496
-0.091005
0.384265
1.057838
-0.104521
0.717818
-0.902897
0.082737
0.398059
0.335006
0.684046
0.376590
1.115665
0.184823
0.717818
0.096404
-1.431796
0.547733
-1.242769
0.462678
0.203512
-1.760239
-1.768119
-0.484626
-0.480246
0.263043
0.446627
0.540299
0.221236
0.725317
-0.738341
0.307127
-0.252642
0.134244
0.240197
-0.330159
0.061940
-0.335471
0.225452
0.142708
0.423697
0.549388
-0.232598
0.032896
0.055998
0.473990
0.583593
0.450465
-0.247399
-0.131621
-2.383024
-2.324470
-0.764870
0.660628
0.746222
-0.094783
0.109054
0.712390
-0.304120
-1.051591
0.075040
-0.214475
0.041263
0.103911
0.105381
-0.160412
-0.076333
0.017278
-0.520396
0.237174
-0.285488
-0.090123
-0.094763
-0.120375
-1.213993
-0.006920
0.078571
0.578583
-0.296233
0.763045
0.766523
-0.639684
0.684420
0.581154
0.979895
0.009727
-0.254251
0.340807
1.092095
-0.816562
-0.089661
0.101319
0.212915
-1.379563
-2.225591
-0.021896
1.028586
0.469117
-0.042574
0.081419
-0.696854
-0.560165
0.723069
0.762208
-0.047567
0.423629
-0.021703
-1.489979
0.600336
1.276459
-0.077228
-0.753046
-0.979319
-0.394776
0.085143
-0.946517
0.257227
0.165621
0.591217
0.235975
-0.241138
0.247277
-1.150066
0.842610
-1.036676
0.074687
0.073286
0.205571
0.381429
1.167154
-0.005676
2.149822
-0.527356
-0.356826
0.307185
0.259017
-0.494287
-0.497459
-0.485964
-0.005758
0.637237
-0.510236
0.020019
-0.556511
0.003729
0.388150
-0.021669
-0.571332
0.575890
0.289127
0.322912
0.078584
0.621957
-0.333733
-0.098855
-0.949303
-1.968508
0.608586
-1.512000
0.263735
0.113948
0.565788
0.476806
-0.409059
0.658122
0.185465
1.347420
0.135643
0.316748
1.343924
-1.553557
-1.037229
-0.249428
-0.696742
-0.623235
-0.285836
-2.693844
-2.550404
-0.232878
-2.580969
-0.804642
0.492263
1.555420
0.437784
0.507247
0.051576
0.058991
-0.394046
0.015528
-0.023601
0.087862
-0.267289
0.077751
-0.024083
-0.049444
-0.536445
-0.025690
-0.475088
0.077229
-0.467258
-0.001865
0.368915
-0.234517
0.387869
0.676018
-0.092985
-0.121331
-0.656310
0.475061
0.008919
0.325442
-0.674558
0.413118
0.590961
0.070338
-0.303949
-0.423110
-0.064189
-1.186761
-0.283590
-0.044397
-1.140968
-0.212676
-1.467561
-2.949673
0.325442
0.101935
0.899835
1.925763
-0.261123
1.608529
1.331910
-0.404108
-0.267168
0.147946
-2.227551
-0.708755
-1.258799
-0.551951
-0.248193
-0.211377
0.167918
-0.297849
-0.258774
-2.608915
-0.244891
-0.816655
-2.864576
-0.887053
-0.490553
0.872930
1.128788
-0.912894
0.619203
0.573540
0.669400
1.581624
-0.054030
-0.294073
0.187971
2.051848
-0.523882
-2.254456
-1.185822
-1.076147
-0.735660
-0.032458
-0.823991
-1.179016
1.276137
-0.275098
-0.897919
-0.324755
0.606435
-0.838099
-2.589323
-0.843560
-0.561189
-2.891482
-0.225712
0.441781
0.627440
1.635523
0.064615
0.373620
-0.377113
-1.131923
-0.681761
0.254232
-1.231804
-0.884231
-0.784199
-2.581921
0.522228
1.240550
0.314401
0.697053
0.621240
0.697053
0.048758
0.204271
0.456638
-0.256200
-0.274888
-2.196123
-0.598886
-2.285073
-1.537234
-0.459820
1.518460
0.530346
-0.035652
-0.283962
0.352935
0.572362
0.040492
0.717165
-1.274820
-1.264564
0.497636
-0.028183
-1.123428
-1.256999
-0.162335
1.222608
-0.333012
0.045313
-0.221225
-0.090423
0.612654
-0.624547
-0.033911
-0.639208
0.100400
0.448116
-0.174463
0.449999
0.098508
0.950393
-0.487754
0.028513
-0.085653
0.613763
0.102494
-0.168222
-0.184977
-0.486738
0.591502
-0.133737
-2.139955
-1.132168
-1.114847
0.185451
-1.960747
1.398194
1.613946
-1.023418
0.646702
0.351006
1.650396
0.211897
-1.723907
1.257936
0.201487
-1.143933
0.294146
-0.308859
-0.417443
-1.182963
0.828045
0.604398
-0.320452
-0.530757
0.455930
-0.257948
-0.105978
-1.411625
1.085249
0.270280
-0.801493
0.672035
-0.102722
-0.250074
0.784121
0.278357
0.200556
0.057906
0.384067
0.338897
-0.162354
1.133999
0.787078
0.328952
-0.220711
0.084002
0.782062
1.299129
-0.806152
1.122974
1.588582
-1.656398
0.164653
-0.147411
0.122840
0.268959
0.012919
0.602949
0.602949
0.576807
-0.229407
-0.437205
-0.263655
-0.068289
-0.072929
-0.197471
0.710314
-0.261170
-0.451157
-0.366381
-0.744352
-0.355045
-0.272321
0.284908
0.721881
0.578471
0.560257
0.019599
-0.199883
1.007620
0.624350
-0.561308
-0.480861
0.194697
-1.746502
-1.330666
0.014448
0.827610
1.540749
0.450760
1.673092
0.372404
1.780350
2.080909
-1.582569
0.147582
0.262022
-0.358548
1.413689
-0.509816
0.618981
0.184541
0.246813
0.431975
0.509097
0.041965
-1.058445
-0.361186
-0.604596
0.227073
0.419932
0.762976
0.152477
0.497422
-0.090274
-0.506360
0.476842
0.301330
-0.477607
-0.515866
0.070841
0.042177
1.117622
0.817470
-1.581675
0.485985
-2.078710
-1.409703
0.141090
-1.387873
-2.325534
-0.463632
-0.935362
-0.955275
-0.355591
0.886380
0.271451
0.595870
0.673354
0.419958
0.276033
0.643055
0.618382
0.924802
0.391589
0.868751
0.623643
-0.404184
-0.595612
0.737954
-0.678727
0.281023
-0.119869
0.980503
0.357427
0.448289
-0.177027
-0.191714
-0.103180
0.289074
-0.567061
-0.191828
-1.135730
0.554839
0.412239
-0.023349
-0.275021
0.422935
0.818547
-0.056389
-0.086848
-0.368879
-1.279272
0.057929
-0.276546
-0.789256
-0.093552
1.155010
-0.546237
1.007443
0.139635
0.169532
0.051930
0.095659
0.304199
0.154016
0.851608
-1.338278
-0.751942
-0.258322
-0.835142
-1.273224
-1.798926
-0.266178
0.542743
-0.310027
-0.594718
-0.397332
-0.671764
-0.331191
0.317379
0.311298
-0.300605
0.222240
1.065759
0.873094
0.772086
-0.820982
-0.269564
-1.283930
0.897632
0.764631
-0.181660
0.042410
0.164401
0.005766
1.051754
0.364577
-1.579741
-0.259026
-0.826258
0.618942
-1.422313
-0.297908
1.045565
-3.179904
0.394477
0.267324
-0.117012
1.074215
1.011580
-0.292549
-0.278984
-0.261108
-0.230391
0.523006
-0.200737
0.764364
0.050866
0.014222
0.373033
-1.571285
0.026054
-0.173388
1.122965
-1.619873
1.105703
-0.231745
2.329556
0.703051
0.150743
-0.391267
-2.221056
0.118726
0.016338
-0.926935
-0.231973
0.143289
0.624352
0.981434
0.813744
0.093883
0.387293
-0.960602
-0.169011
-0.156339
0.428270
-0.286892
-0.054447
-0.344573
0.580720
0.149684
0.473821
0.042999
0.916178
-0.429591
-0.431765
0.396357
-0.323420
-1.851021
-0.790131
-0.027987
0.613342
0.465241
0.317341
-0.558388
-0.344573
0.265393
-0.013728
0.849206
-0.728480
0.644419
1.487796
0.121528
0.284595
-0.287195
-0.386385
-2.769307
-0.287195
0.041284
0.041284
0.504120
-0.888263
0.653060
0.546161
-0.368457
1.513479
-0.525601
-0.286921
0.961791
0.152627
1.065945
0.509753
-0.146191
0.685682
0.964660
0.537581
-0.071715
-0.313645
-0.058864
0.504782
0.058611
-0.467135
0.158410
0.716759
-0.214855
0.624544
0.193868
0.356935
0.783064
-0.409896
0.097512
0.113624
-2.146898
-1.558353
0.274150
1.210518
0.048842
-1.065301
1.059643
-0.965030
-0.020804
0.872346
0.704375
0.529254
0.123002
0.610779
0.326051
-0.070486
0.016362
0.202607
0.054458
0.010729
0.055630
0.620234
0.292057
0.112999
0.805195
0.269763
0.020561
0.312257
-0.748146
1.286295
-0.449038
-0.879325
-0.771160
1.565221
-1.933255
-0.115193
-1.966342
-0.222146
1.284005
-0.253493
-0.175588
-0.723287
-0.031430
0.336093
-0.249471
0.280223
-0.840981
-0.633033
-0.705468
-1.053396
-0.271119
-0.097081
-0.316699
-1.766478
0.117740
-1.324170
-1.204441
0.472634
0.283840
1.918237
-1.592260
0.085869
-0.597545
-0.837476
-0.678617
-0.017004
0.347689
-0.750435
-0.435457
-0.391057
0.063604
-0.011095
-0.106161
-0.382018
0.374713
-0.170508
-0.960640
-0.012935
0.069328
-0.164433
0.233154
0.847944
0.941840
-0.176485
0.839142
-1.831437
0.806960
-0.076938
0.249262
0.885310
-0.403880
0.030056
0.621408
-0.899020
-0.552470
0.267978
0.280181
-0.147249
0.267655
0.112413
0.780793
-0.010461
-3.062049
0.245361
0.019788
-0.856648
0.214389
1.760758
0.059548
-0.624094
-1.197386
1.293507
-0.903727
0.088413
-0.795562
-0.463520
0.288854
0.988429
-0.285868
0.122564
-0.269699
0.402423
0.037094
0.937834
-0.066187
-0.690192
0.121747
0.351790
1.082569
-0.759414
0.171914
0.964169
-0.689822
0.692979
0.453039
0.065341
-0.443491
-0.343658
-0.613158
-0.546687
0.746130
0.129529
0.290310
0.089990
0.265061
-0.661497
-0.871394
-0.434377
-0.410854
-0.021301
-1.441332
0.249381
-0.126170
0.267235
0.470213
-0.062294
0.487753
0.969257
-0.257399
-0.674567
1.113485
-0.424031
-1.434832
-0.083506
1.203121
-0.095315
-0.143123
-0.478748
-3.032570
-1.947754
-0.132281
1.293976
-0.729332
-0.170695
0.307670
-0.006969
0.195228
0.435537
-0.240738
0.254149
0.718024
-0.403542
1.022754
-1.366824
0.032385
-0.263744
0.782117
-0.274548
0.452399
1.325015
-1.505937
0.928774
1.854954
0.048073
-0.830264
-0.025564
1.176589
-0.141407
0.300800
-0.577738
1.913957
0.487845
0.052327
0.639270
0.140231
-0.500702
0.296995
-0.025304
2.231885
-0.334785
-0.228615
1.322783
-0.242724
-0.242779
1.218403
0.964334
-0.119235
-1.646099
0.758348
-0.789384
-0.550921
0.300964
-0.422004
0.358782
0.263643
0.202109
0.813488
-0.422004
1.726645
0.292193
0.535561
0.555953
0.079819
-0.140257
-1.229239
0.205803
-0.093587
1.155912
0.808991
1.138650
-1.468097
-0.242961
-0.321317
-0.131680
-0.344484
-1.474994
-0.073373
0.772355
-0.344884
-0.864861
-0.166090
-0.331319
0.728168
0.450280
0.712030
1.007875
-1.623620
1.070630
-0.870137
0.104828
-2.486868
-0.245556
-0.304374
-0.447763
-0.023553
0.757086
-0.225431
-0.040178
0.674199
0.095926
0.109268
-0.656721
1.099436
1.099436
0.400963
1.202516
0.243823
0.187141
-0.886198
0.099436
0.771553
0.528810
1.132363
0.201522
-0.894931
-0.881508
-0.467928
-0.463548
1.021682
-1.902350
0.293360
0.544072
-0.492003
-0.506713
1.023687
0.402239
0.352926
0.420190
-0.461480
0.107232
0.628855
0.280580
0.679896
0.732025
-0.417844
-0.099857
0.488597
-0.284429
-0.404445
0.703562
-0.537196
-1.057917
0.966565
-0.449800
0.469180
-0.948959
0.988284
-0.238955
0.913875
-0.022850
0.173285
-0.402973
-0.730078
-0.655406
1.066635
0.307034
0.914081
1.027223
0.060956
0.019581
0.144464
0.141085
0.639950
-1.678378
0.146847
0.361277
-0.021552
-0.853455
3.059444
-0.684596
-0.254570
0.968600
0.324680
-2.089580
-1.556687
-0.289562
1.774753
1.368536
-1.985540
-2.916982
0.552139
-0.842699
0.432297
-0.309122
-0.309122
0.750157
0.111682
0.331583
0.318904
0.671531
-1.003668
0.336530
0.327918
-0.008979
-0.993299
1.051587
-0.027668
-2.238479
-0.411850
-1.255676
0.861091
1.028219
0.677049
-0.018336
0.786003
-0.525234
0.406921
1.166900
-0.582292
-0.038113
0.522564
1.479339
0.760277
-0.270856
0.299811
0.589899
-1.142405
1.154101
0.313461
0.836830
0.072339
1.939632
0.119166
-1.431353
1.513304
1.081125
-0.020638
0.964777
0.709027
-0.393362
1.063808
-1.095199
-0.086839
0.032550
-0.137117
-0.794044
-0.008010
0.231902
-0.167292
-0.855120
-0.443730
1.045585
0.553622
-2.911098
-0.462016
1.107257
0.093607
0.720007
-0.289875
-0.429862
-0.298848
0.165466
-0.416464
-0.316630
0.273236
-0.114670
0.734019
0.156556
-0.036617
-0.960978
0.750862
0.434579
-0.634469
0.845382
-0.010753
0.165746
-0.066278
-0.579422
0.062344
0.294262
0.689804
0.488345
0.925901
0.275198
1.627885
0.499041
0.145189
-0.094741
-0.323727
0.123482
0.132119
0.957085
-1.104912
-0.398499
0.317555
-0.743661
-1.189349
-1.422161
1.017124
-0.930988
-0.392270
-0.261682
0.826673
0.130611
-0.055711
0.165232
0.490673
0.580333
-1.088986
0.547711
-0.642276
-0.793559
1.839709
1.180986
-0.488301
-0.322285
-0.325664
-2.183803
0.219403
-0.556146
-1.391208
0.748096
0.292239
-0.252515
0.012591
0.896370
0.117144
0.640507
-0.433487
-0.513650
-0.406326
0.740784
-0.392927
0.460498
-0.626226
-0.496123
-0.525678
0.180093
0.340874
0.999802
0.925393
0.423971
0.281256
0.315625
0.015342
-0.062728
-0.383813
0.299945
0.318552
0.578379
0.183789
0.400248
0.072942
0.533030
-0.003828
0.462675
0.133891
-0.018178
0.428491
0.326221
0.217034
-0.176148
-0.109406
0.192644
0.143294
0.145145
0.264194
0.627749
-1.066162
0.077631
-0.237851
0.800480
1.710521
0.641305
0.343836
-0.462787
0.600483
0.351662
0.190840
0.726413
0.620769
0.808483
0.722214
0.103924
0.235106
-0.239690
-0.475697
0.343836
0.056129
-0.835088
0.086330
0.093745
-0.083436
0.174223
0.011153
0.244578
0.122616
0.599820
-0.141708
-0.057628
0.112505
0.102729
-0.501692
-0.071418
1.657834
-0.452286
1.261050
0.745796
0.908470
0.069258
0.224771
0.373222
0.373222
-0.009285
0.779980
-0.235700
-0.458877
-0.391897
0.058029
-2.119456
-2.264573
-0.319320
-1.162550
0.823571
0.651702
0.740042
-1.855811
0.224888
-0.610144
0.171851
-0.428254
-0.274675
0.153831
0.597034
-1.750992
0.255807
0.622753
0.926313
0.243282
1.421115
-0.034835
-3.086423
-0.074764
0.958444
-0.796921
0.288294
-0.881022
-1.176274
0.017824
-1.221760
-0.928101
0.679857
-0.163968
0.823571
-0.946144
-0.247315
0.610550
-0.036203
-0.215572
-0.033659
-0.115684
0.132272
0.359709
-0.148402
-0.022680
0.374129
0.028599
0.920584
-1.532989
0.755453
-0.644036
0.272153
-0.036859
-0.755056
0.128048
0.352877
-1.759764
1.346059
0.983032
0.338657
-1.916998
-1.041284
-1.231786
-1.324085
-0.672906
0.115740
1.474922
-0.967257
0.943143
-0.227676
0.014731
0.010234
-1.008356
0.167562
-0.902656
-1.302764
0.555875
0.392032
-0.598282
-0.490958
-0.972125
0.656151
-0.092719
0.506419
-0.747000
-0.479729
0.104370
-0.710858
-0.580755
-0.095675
-1.131031
-0.522914
-1.022073
0.915170
-0.095964
-0.316707
-0.071849
-1.540125
0.104651
0.550191
0.290667
1.226314
-0.905461
-0.147360
-0.868308
0.001249
0.098320
0.159803
0.931995
-0.269511
0.155852
0.355357
-0.505091
-0.013817
1.245886
-0.346710
-1.053552
-0.069824
-0.644339
-0.114378
0.043729
-0.477301
-0.054942
-0.210460
-0.439446
1.288150
-0.454892
-1.318885
0.018316
-1.220631
-0.601528
-0.133165
0.043611
0.053585
1.625601
0.142906
-0.097024
0.121198
1.401586
-0.341457
0.847473
-0.019730
0.852874
0.685078
-0.288165
-0.260385
0.710870
0.463954
0.148525
0.697106
0.755263
-0.817811
0.430868
0.232564
0.068395
0.208850
0.071891
1.149461
-0.008765
0.001145
-0.487593
0.025007
-1.338386
-0.073161
0.528555
-0.294863
0.229666
-0.987067
0.062044
0.389926
-1.230288
1.449114
-0.144844
-1.055244
-1.354754
-0.042528
-2.225083
0.838112
-0.195395
0.068788
-0.374759
-0.531855
0.519069
0.467184
-0.517474
-0.490462
-0.419055
-0.332505
0.770018
0.001413
0.380440
-0.000770
0.332064
0.961901
0.990233
-0.293220
-0.071117
-1.221120
-1.355748
-0.103354
-0.802567
0.028947
-1.516499
0.665790
0.289435
1.511767
-0.000946
-0.651025
-0.306271
-1.050188
-1.743894
0.201078
-0.013743
-0.543877
-0.939212
0.930946
-2.535021
0.590773
1.166588
-0.214589
0.551872
0.313684
1.292666
1.075122
-2.111279
-1.194678
-0.921184
-0.251912
-0.940140
-0.062335
0.340986
0.685551
-0.955076
1.634268
-0.441652
0.020521
-0.241935
-0.012477
0.416136
0.175771
-0.046375
0.264675
0.626193
-0.283132
0.838741
1.145835
0.537581
0.120960
0.102020
1.114574
-0.681673
0.651893
-0.432692
-0.054099
-0.042099
0.435511
-0.411999
-0.941217
-0.205930
0.168866
-0.108120
-0.263088
-0.277776
0.657652
-1.950825
-0.573488
-0.523453
0.419975
-1.384465
-2.413515
-2.354960
-0.441652
0.640112
0.240249
0.421230
0.396702
0.630591
0.966048
0.197518
-0.322221
-3.406078
0.567533
0.815814
-0.622395
0.224147
0.412672
-0.374626
-0.864615
0.204484
-0.433544
-0.941173
0.200264
0.273416
-0.726875
1.153327
-0.260005
-0.027855
0.291522
-0.398349
0.067044
0.437824
-0.989929
0.442804
-0.165608
0.286308
1.430268
0.041068
0.458951
0.744927
0.127993
0.200729
-0.683187
-0.229793
-0.321530
0.639878
0.203711
0.102538
0.258296
-0.242661
0.501885
0.247267
-0.485073
-1.485753
0.199150
0.152176
0.690704
-0.448124
0.103377
0.703468
0.541764
0.386683
0.160627
1.593938
0.481344
0.238205
0.575225
0.408187
0.444635
0.820709
0.805302
-2.017298
-0.840712
-0.873950
-1.588765
0.092748
1.349273
-0.212700
0.803811
-1.018781
-0.113676
0.208696
-0.282742
0.474560
0.212145
0.575599
-0.386629
-0.953176
-0.198931
-0.738877
-0.649293
-0.485071
0.959551
-0.472093
-0.009620
-0.191330
-0.316552
0.641570
1.436786
0.994793
0.023125
0.176704
1.229619
0.526261
1.135280
0.539418
-0.127506
-1.022295
0.533757
0.461894
0.620142
-0.341867
0.279756
0.349808
-1.112409
0.578478
0.671568
0.335579
0.305075
-0.086925
0.321228
-0.038937
0.206393
-0.218306
-0.643490
0.272699
-0.096629
-0.855172
0.353423
3.182993
0.691843
-0.279330
0.129102
0.386989
-0.359898
1.004792
0.417960
-0.964053
1.089107
0.616489
-0.391358
0.970707
-0.683284
0.621800
-0.214385
0.614643
1.047206
1.202692
-0.065675
-0.305803
-0.187861
0.478308
0.506831
-0.077684
-1.020201
0.827344
1.596874
0.687934
-0.261465
0.322881
-1.334649
0.158063
-0.650312
0.021487
0.104310
0.644642
0.356686
0.308652
0.396519
1.486583
0.553456
0.416977
0.294792
-0.273373
1.838231
-0.830787
-0.669738
0.832341
0.643489
-1.208695
-0.949106
0.364816
0.874692
-1.682610
0.058097
0.193766
-1.872705
0.711697
3.062983
-1.039039
-0.251031
-0.437296
0.405972
-0.413037
-1.839501
-1.999693
0.470368
0.240810
-1.982001
0.468012
0.313696
1.450519
1.270893
0.396370
-0.112109
-0.157689
0.900321
0.249618
-0.387162
0.115287
-0.599991
1.311217
0.097902
-0.603903
0.388875
0.931506
-0.364608
-0.022184
-0.043026
0.012120
-0.082947
0.112285
0.092542
0.112994
0.011160
0.078279
0.593771
0.436078
-0.021190
0.079380
0.658006
0.662182
0.718715
-0.796201
1.156760
0.560476
0.701666
0.460097
-0.905727
1.592877
1.081777
-0.465984
-0.616486
-0.702903
-0.045522
0.046616
-0.015250
-0.051551
-0.461041
0.917706
0.887400
0.905548
-0.449957
-0.688132
0.568957
0.423600
0.666297
-0.263660
0.128967
0.385130
1.592385
0.236653
0.399589
-0.030414
-0.446500
0.133604
-0.003686
0.058736
-0.278447
0.738074
0.653139
0.379952
0.995864
-0.881284
0.188718
0.208571
-0.842264
0.318300
-1.328013
-0.359024
-2.265675
-0.403773
0.084401
-1.167887
0.544338
0.689927
-0.112175
0.246942
-0.784887
1.942764
1.872483
1.872483
0.840804
-0.799823
1.789521
-0.080309
-1.064486
0.710506
-1.007576
-0.960337
0.019387
1.134562
-0.183434
-0.211803
1.044495
-0.040784
1.871931
0.440571
0.378482
1.051950
0.541452
-0.780419
-0.542729
0.689579
0.254968
-0.429290
0.575699
-0.621558
0.522171
0.188133
0.599655
0.203108
-0.159051
0.277037
0.544683
0.795052
-0.348287
-0.669311
0.043812
-0.420330
-0.752426
-0.249417
0.340076
0.374590
0.776273
0.065860
0.325305
-0.176879
-1.293032
-0.561126
0.565465
-0.219938
-0.511091
-1.505201
-2.401152
0.856650
0.553772
1.292010
0.711061
-0.143961
-0.290637
-0.274186
-1.224545
-0.470031
-0.306784
-1.313808
-0.268039
0.755972
0.081430
-0.114903
-0.310696
0.098120
0.969344
0.311881
0.591871
1.081543
0.358050
-0.425095
-2.236142
-1.253338
-1.242630
0.909084
-0.053748
-0.763848
-0.025456
1.081913
-0.763567
-0.694669
1.104760
0.960497
-1.181777
0.698137
1.386442
-0.310724
0.179640
0.675926
1.451164
1.017601
-0.455502
0.372486
-0.962868
0.025330
0.574867
-0.166660
0.077777
-0.526644
0.860764
0.062658
0.464262
0.010773
0.623949
0.036957
0.657365
0.672643
0.276193
0.975768
-0.421400
0.109902
-0.272840
0.310127
0.528033
-0.983253
0.109085
0.339128
1.111595
0.597289
-0.772076
-0.513373
0.159252
0.393430
-0.702484
-1.519704
0.602600
0.401755
0.381319
0.012126
0.149564
0.234567
-0.401145
1.587254
0.458410
-0.615042
-0.582444
-0.023794
0.165635
1.363238
-0.379804
-1.243797
0.093404
-0.526441
-0.058078
-1.017930
-0.571609
0.982070
-0.305083
0.698675
0.471194
0.930745
0.128643
1.715820
0.251513
-0.686388
-1.487976
-0.777314
-0.871173
-1.816419
-1.886699
-0.559005
-0.836622
0.220482
0.471194
-0.086002
0.580702
0.031952
0.324042
-0.540584
-0.015199
0.379181
0.919558
-0.238075
-1.081932
0.039527
-0.040563
-0.643153
-0.196081
-0.112081
-0.559908
-0.647420
-1.304506
0.255027
-0.145137
-0.062032
0.376205
1.471297
-0.811556
0.007365
-0.250696
0.112947
0.193425
0.619022
0.030355
0.482703
-0.122505
-0.122505
0.592881
0.121931
0.004512
0.028266
-0.626392
-0.269660
-0.870360
-0.266974
0.121406
-1.074060
0.639849
-0.608439
-1.385459
1.063906
-2.205252
-0.485967
-0.282459
-0.690421
-0.111441
0.805188
0.086981
0.051363
2.707492
0.876901
0.981293
-0.613386
-1.930335
-0.137988
0.355339
-1.867913
-0.037569
1.012982
0.825540
0.588558
-0.409996
0.535030
0.612513
0.651413
0.889731
0.056671
-0.016878
0.296587
0.027626
-0.498233
0.445196
-0.998567
0.597036
-0.136891
-1.492342
-1.196570
-1.962261
-0.770139
0.199350
0.905983
0.382463
0.643667
0.413980
0.045275
0.262464
-0.447029
0.432933
0.435107
0.313548
-0.125017
0.104148
0.306311
0.218430
0.296479
0.158250
0.141397
0.805556
0.187292
-0.424577
-0.583097
-0.458721
0.113552
0.115403
-0.345374
-0.258885
0.616034
-0.108293
-0.378046
0.302112
-1.095904
0.342852
-0.267593
-1.422496
-2.904609
0.370506
1.276410
0.224996
0.248181
0.076813
-0.024536
0.177661
0.218549
0.587588
0.600037
-0.790998
0.176858
-0.624855
-0.617929
0.747385
0.014818
-1.039926
-0.090537
-0.808019
-0.749376
-0.404633
0.622093
-0.580976
0.105101
0.571885
0.061627
0.197961
-0.377320
0.527832
-0.891626
0.308543
-0.093616
-0.042099
-0.074427
0.276782
0.620484
-0.074258
0.609165
-0.138468
-0.222087
-0.741843
0.141262
0.366090
0.012096
0.883071
0.172765
-0.437342
-0.670187
-0.982211
-0.684848
-0.334512
-0.014747
0.054760
-0.343620
-0.379748
0.285111
0.317779
-1.352235
-0.270691
-0.366003
0.434359
0.304292
-0.260604
-0.117717
-0.423503
0.086375
-0.298593
0.321257
-0.212443
-0.784043
0.456925
-0.021899
-0.470230
0.886199
-0.722391
0.558293
1.104250
1.493884
-1.059115
0.342056
-0.189539
-0.476147
-0.714824
0.576598
0.203860
0.152961
0.021617
0.759699
1.139587
0.237000
0.213287
0.082710
1.575704
-0.062695
0.096683
-0.297124
0.029443
-0.344053
0.322122
-0.186358
0.826073
0.175370
-1.193344
0.045361
-0.039051
1.236969
-0.080111
-0.678151
-0.558396
-0.645908
-1.302994
0.034207
-0.585638
-0.498327
-0.117274
0.323166
0.625906
0.044797
0.392765
0.224483
-0.200216
-0.014664
-0.216664
0.371513
-0.090064
0.275934
0.125665
0.182299
-0.869601
-0.094726
0.386375
-0.907288
0.581323
-0.109278
-0.057761
-0.057783
0.176300
0.813208
-0.079729
