-8.888834
-7.658679
-9.527584
-8.687584
-7.988940
-6.215976
-9.910309
-6.899339
-7.513817
-7.641689
-9.065322
-7.229756
-6.814621
-9.059173
-9.088320
-8.876833
-8.197316
-8.260398
-7.408698
-7.065726
-8.033236
-9.016801
-7.457479
-8.743193
-8.277151
-8.187208
-10.332479
-7.345590
-7.390171
-9.227844
-8.899273
-7.837782
-7.033039
-8.193231
-7.350740
-7.835939
-8.102502
-7.767795
-7.874242
-8.193082
-8.526415
-7.077785
-7.389537
-8.238768
-8.469537
-7.420757
-7.585609
-8.469537
-7.377700
-9.199267
-8.976579
-6.675419
-7.901970
-8.487394
-7.941235
-9.282037
-7.924083
-8.893780
-8.101116
-7.850893
-9.532364
-7.896395
-8.005555
-6.762227
-7.829535
-6.954535
-8.223766
-8.454535
-8.454535
-8.280622
-9.226812
-6.818171
-7.665646
-8.342647
-8.454535
-8.454535
-8.443606
-9.271049
-8.705636
-8.454535
-7.835891
-8.735785
-7.638745
-7.115861
-8.086268
-8.543948
-8.505808
-8.427347
-8.413225
-7.174630
-6.855957
-8.362130
-8.976165
-8.809524
-7.466789
-8.693695
-7.811234
-7.541392
-7.875685
-7.897424
-7.680757
-7.479841
-8.716701
-7.818476
-8.886495
-7.739529
-6.587079
-9.875202
-6.843852
-7.764091
-7.878193
-6.948519
-7.527859
-7.120281
-7.897424
-8.716573
-8.157424
-7.697424
-8.310757
-8.278780
-9.090972
-7.897424
-9.902500
-6.595098
-7.816764
-7.391201
-7.032971
-7.721279
-7.185262
-8.402130
-8.709822
-8.928446
-7.470757
-8.402130
-6.511719
-8.621642
-9.322130
-6.536877
-8.093241
-7.357451
-8.173241
-7.007744
-6.627416
-7.790502
-7.458907
-7.150336
-8.533550
-7.898653
-7.695856
-8.279442
-7.632068
-7.989562
-7.807744
-8.854619
-7.855937
-8.257744
-7.950601
-8.690861
-9.182744
-7.778222
-7.138056
-7.192370
-7.886372
-7.795463
-8.224034
-7.425093
-7.614740
-7.984652
-7.241617
-7.795463
-8.267161
-7.631284
-7.104987
-8.354785
-7.977281
-6.864091
-8.685463
-8.426304
-9.308977
-8.499167
-10.085118
-6.525193
-8.245463
-9.170463
-6.995463
-7.765160
-8.351019
-7.339391
-8.285445
-8.419984
-8.351019
-7.609760
-7.482598
-9.123296
-7.262523
-7.451019
-8.351019
-7.271019
-8.259182
-7.974675
-8.951019
-7.747926
-6.751019
-7.871019
-7.298387
-7.562130
-8.133627
-8.968666
-9.040674
-7.906574
-7.592153
-8.862130
-8.369172
-8.862130
-8.107413
-9.354667
-8.151785
-7.595943
-8.737130
-8.710615
-8.862130
-8.862130
-8.809498
-8.120871
-8.462130
-8.862130
-7.910322
-8.232500
-8.307385
-8.760680
-9.246409
-8.150121
-7.627065
-7.916109
-6.514511
-9.559007
-10.391181
-8.157368
-7.990701
-8.496912
-8.444281
-7.330246
-7.212355
-6.759099
-7.891221
-9.254049
-8.463974
-7.191404
-7.724952
-8.031050
-6.319047
-9.506104
-9.034048
-9.458400
-8.557687
-7.618279
-9.114899
-9.339642
-7.971221
-8.651221
-8.287010
-8.185786
-7.217302
-7.542899
-6.943573
-5.664402
-8.192971
-8.482130
-9.000146
-9.493164
-7.196276
-8.538489
-7.759917
-8.290687
-7.629917
-8.309917
-8.244344
-7.472080
-8.969008
-8.742350
-8.309917
-7.199917
-8.309917
-7.900279
-8.369746
-7.928965
-8.425989
-10.198029
-7.724551
-7.848379
-7.938489
-8.591167
-7.942935
-7.201360
-8.179777
-7.809406
-8.179777
-8.363987
-9.679777
-7.861595
-8.179777
-6.885659
-8.066655
-8.179777
-7.497312
-9.295848
-8.462605
-8.066655
-7.522369
-8.762194
-8.179777
-7.636567
-8.184853
-8.179777
-7.270686
-9.130996
-7.081416
-9.099777
-9.557135
-8.062894
-7.747678
-8.581716
-7.670825
-7.325998
-8.721920
-9.802404
-7.410663
-7.714965
-8.174241
-8.256659
-8.296341
-8.828087
-8.437843
-9.012553
-9.443472
-8.038613
-9.282633
-8.427243
-8.426723
-8.338734
-7.785814
-8.977674
-8.615814
-8.717632
-9.492604
-7.785814
-8.330384
-8.862130
-8.780078
-8.780078
-8.582998
-7.946745
-8.335634
-7.990605
-8.780078
-8.218095
-8.380078
-8.236869
-7.542649
-7.919273
-8.153558
-10.127385
-7.457883
-7.246069
-7.613952
-7.439704
-6.439704
-8.878835
-8.234284
-8.606838
-9.509498
-7.074091
-9.358182
-7.014511
-7.647844
-7.265612
-8.971654
-7.414511
-7.065606
-8.809028
-7.907809
-7.612937
-8.074475
-7.021844
-7.883999
-7.568303
-8.074475
-6.893753
-8.044172
-7.926327
-7.684232
-7.774475
-8.190106
-7.897002
-8.337542
-7.615514
-8.407867
-7.676773
-8.356773
-7.801217
-7.447682
-7.518935
-7.615514
-8.789205
-8.239889
-8.776127
-7.297949
-7.540983
-8.356773
-7.579630
-7.753680
-9.425400
-8.172562
-7.895234
-10.020895
-8.895234
-6.425766
-6.970293
-8.062130
-6.419973
-6.647951
-8.868468
-7.993948
-10.032313
-7.478796
-7.281287
-8.890959
-7.652863
-8.847948
-9.111170
-8.811248
-7.275387
-6.713654
-8.181082
-7.728879
-7.335403
-8.832539
-8.224292
-9.085403
-8.140959
-8.557625
-8.224292
-11.165468
-7.547089
-7.628760
-8.006965
-7.153126
-7.784743
-7.666386
-7.899823
-7.981727
-8.977177
-7.141394
-7.561997
-8.902799
-7.594886
-7.721140
-7.700055
-7.465299
-8.558553
-10.090299
-7.790299
-8.432891
-10.041518
-8.328957
-7.651873
-10.501600
-6.646564
-7.985825
-7.837324
-8.395463
-8.294014
-7.457963
-8.303626
-6.955463
-8.019119
-8.395463
-7.971550
-8.062130
-8.995463
-7.839908
-7.816516
-9.974410
-9.677514
-7.915463
-7.352253
-7.832963
-10.475463
-9.249630
-7.077281
-7.935693
-7.636598
-7.854511
-8.425402
-8.514511
-8.814511
-7.402623
-8.090598
-8.787238
-5.878147
-8.434511
-9.237915
-7.565606
-7.333788
-8.129895
-8.272844
-6.749805
-8.358261
-7.765612
-8.005582
-8.583261
-8.514511
-8.514511
-8.324034
-8.405420
-7.103552
-7.990958
-7.220953
-8.246836
-8.271280
-7.668941
-7.958415
-7.969716
-8.148457
-8.389716
-8.536775
-8.889716
-8.846506
-7.532067
-7.101492
-8.404448
-8.118734
-7.750312
-7.066102
-7.300552
-8.014386
-7.169828
-8.175728
-8.475876
-8.918734
-8.749575
-8.872465
-8.037101
-8.066594
-7.794085
-7.944435
-7.823480
-8.080799
-7.446235
-9.121810
-8.298502
-8.061660
-7.794603
-8.097844
-7.912703
-8.556927
-8.258748
-7.794085
-8.535344
-8.307621
-7.794085
-8.354493
-7.852880
-7.992134
-8.275181
-8.220529
-9.428961
-8.421058
-9.337231
-8.061660
-8.371165
-7.371221
-7.720871
-7.215861
-7.972637
-8.867365
-8.203375
-8.348450
-8.536338
-10.038628
-8.721346
-7.822551
-8.214304
-10.380970
-7.595747
-8.790391
-8.283054
-9.166685
-7.075415
-6.687988
-7.206950
-6.843314
-7.912484
-8.832773
-7.825651
-6.523264
-7.587284
-8.520689
-6.180798
-8.923294
-6.997050
-9.912001
-7.553270
-8.077901
-9.006687
-8.885442
-8.347556
-7.224078
-10.082371
-8.548258
-9.267556
-7.934223
-9.939299
-7.716041
-7.692556
-9.985318
-8.326836
-7.354583
-8.173466
-7.498027
-8.831360
-8.031475
-8.040455
-7.968479
-7.469922
-7.842330
-8.500225
-8.055781
-7.571654
-7.269456
-7.682043
-7.991750
-7.758966
-8.013738
-8.223629
-8.375225
-6.956747
-6.019212
-8.159316
-8.500225
-7.971923
-8.136589
-7.411116
-8.500225
-8.421278
-8.258558
-8.129855
-8.309749
-7.123881
-9.302112
-8.026541
-7.944669
-8.500225
-7.326344
-7.590335
-8.087584
-8.180167
-7.915799
-7.281772
-8.127398
-8.138761
-6.819097
-7.267258
-9.927398
-7.295230
-9.691661
-8.088446
-9.803264
-8.400839
-6.228796
-8.410344
-9.054183
-8.098989
-8.254259
-8.422875
-8.226780
-7.209478
-8.760993
-8.737130
-9.094273
-7.725502
-8.737130
-7.794125
-8.388293
-7.107500
-7.890976
-8.737130
-8.737130
-8.354777
-8.737130
-8.172614
-7.620247
-8.107500
-8.292685
-7.491851
-6.632127
-8.161824
-8.487837
-7.264378
-8.019087
-8.342004
-7.732332
-7.645034
-7.484861
-8.052696
-8.050337
-7.859548
-8.283585
-6.495009
-8.119782
-7.777610
-6.755337
-8.330491
-7.709566
-8.409831
-5.831069
-9.860375
-10.616908
-10.174950
-8.546934
-8.219376
-7.556043
-8.896043
-6.882618
-7.011043
-8.389290
-8.908770
-7.527471
-8.122529
-7.789889
-7.820253
-8.820509
-8.636043
-7.567077
-8.636043
-9.006413
-7.687138
-9.078350
-9.930160
-7.522921
-7.244290
-7.170926
-7.856226
-7.375880
-7.955192
-9.059120
-9.448543
-8.616812
-8.526952
-9.051137
-9.212966
-10.419175
-10.022406
-7.225084
-8.610678
-7.662083
-7.986125
-7.838192
-8.871049
-8.507364
-7.600096
-7.467535
-8.970120
-7.557972
-7.071958
-9.356049
-7.577934
-7.858873
-8.910134
-8.035615
-8.762887
-8.941516
-8.053509
-7.841971
-7.819902
-7.190387
-5.192398
-8.559608
-8.452185
-8.388507
-7.294618
-8.801260
-7.956655
-7.940085
-9.761337
-8.443642
-10.553790
-8.939276
-8.737078
-8.884264
-11.519618
-8.195384
-6.522558
-7.305746
-8.316675
-6.629175
-8.316675
-8.373670
-8.316675
-8.890701
-8.838070
-8.446257
-8.101227
-8.180356
-8.371470
-8.765701
-8.890701
-8.583009
-8.261072
-8.890701
-8.890701
-8.335957
-8.890701
-8.343029
-6.594130
-6.973798
-7.784889
-7.896875
-8.496875
-8.343029
-7.601770
-7.108986
-7.360886
-7.795859
-6.843029
-7.405529
-8.251192
-7.859422
-7.776991
-8.943029
-7.787473
-9.120806
-7.618029
-7.974608
-9.032684
-8.905529
-8.343029
-7.024847
-7.584163
-6.823980
-7.045657
-6.499449
-7.235375
-6.666624
-7.486913
-8.129570
-7.510532
-7.887887
-8.935939
-7.069705
-7.312149
-8.039560
-8.273834
-8.383674
-8.515002
-7.873667
-7.656515
-7.688242
-7.823595
-7.322080
-8.346590
-6.769050
-6.950868
-8.554349
-7.474163
-7.838432
-8.125665
-8.653966
-8.929829
-8.653966
-7.564858
-8.634736
-7.192428
-7.943622
-8.653966
-9.082538
-8.540844
-11.204987
-8.552517
-8.213400
-8.507106
-7.811002
-9.100798
-7.688924
-7.870742
-9.212165
-7.948944
-6.989410
-7.272656
-8.014943
-7.887788
-7.075288
-7.991954
-9.219405
-7.901375
-8.065125
-7.865518
-7.372163
-9.560582
-7.844275
-7.642823
-7.908621
-10.233451
-10.236179
-9.409625
-8.214177
-7.926983
-8.725288
-8.100798
-8.325288
-8.089994
-8.264063
-6.437351
-8.836474
-8.513141
-8.241513
-7.842182
-7.836474
-8.253141
-8.808697
-8.437607
-7.355414
-7.854836
-8.813141
-7.836474
-7.072813
-7.752629
-8.522591
-8.415420
-8.764257
-8.764257
-8.685310
-8.268845
-7.705434
-7.647374
-9.317158
-9.227516
-7.490373
-8.449914
-8.004658
-8.401566
-7.820448
-8.671325
-9.073408
-6.915550
-7.060214
-9.263918
-7.073286
-8.425711
-7.982919
-10.279658
-9.134033
-8.086028
-8.798668
-8.073882
-6.631904
-8.547567
-8.547567
-8.248865
-7.618995
-8.137928
-7.924925
-7.361520
-8.569149
-7.806308
-7.788701
-8.954974
-7.806308
-8.122035
-7.663638
-7.828817
-8.536638
-7.456658
-8.860067
-7.607396
-8.129984
-8.004357
-8.287404
-8.929010
-7.621251
-9.090424
-7.992011
-8.347567
-8.435679
-8.547567
-9.701413
-7.806308
-8.183456
-7.402158
-7.420414
-7.981990
-7.431570
-8.747371
-10.284511
-8.327117
-10.304523
-10.142430
-7.330422
-7.027844
-7.651221
-7.633558
-7.953241
-7.722899
-6.525262
-7.900024
-7.720391
-6.636247
-8.023380
-7.988705
-10.793225
-7.742130
-7.858201
-8.858468
-8.862854
-8.779521
-6.236664
-7.909151
-8.037854
-7.169521
-8.279521
-9.395592
-8.560771
-8.279521
-7.910362
-8.268592
-8.279521
-7.636664
-8.158831
-7.370430
-7.582153
-10.081408
-9.479521
-10.098798
-10.467021
-8.235741
-8.975762
-7.860046
-8.791296
-8.791296
-9.406681
-8.291296
-8.189581
-8.168747
-7.813037
-8.257887
-7.678281
-7.676247
-8.159167
-7.447156
-7.210414
-8.012497
-7.861742
-7.882021
-8.619134
-9.015338
-8.239364
-8.842734
-7.540458
-8.356247
-7.975295
-7.122205
-7.753155
-8.356247
-7.614989
-7.377830
-7.644383
-9.424875
-8.869068
-8.342358
-8.495136
-8.987017
-7.646102
-8.637497
-8.894709
-8.356247
-7.390725
-10.143769
-8.941206
-6.591774
-8.695670
-7.182233
-7.472783
-8.320847
-7.483640
-8.969278
-7.415032
-8.229628
-8.523163
-7.109956
-9.478706
-8.252061
-10.284956
-6.955410
-7.650921
-8.515441
-7.360180
-7.834407
-8.120121
-8.646907
-8.016225
-8.262978
-8.626860
-7.722519
-8.122543
-8.943996
-8.209407
-7.743498
-7.891402
-7.804104
-7.881282
-8.442654
-9.075542
-8.018617
-8.834407
-10.080982
-8.347227
-6.837130
-6.837130
-6.937130
-9.337130
-9.250463
-9.445825
-9.281574
-9.557130
-7.758182
-6.728039
-7.979987
-7.503796
-8.460786
-8.815391
-9.048241
-7.691296
-8.637130
-6.481485
-7.538479
-7.019946
-8.317305
-6.856485
-7.692011
-6.999950
-10.137269
-8.491617
-8.995348
-9.186061
-9.010848
-8.376752
-7.080327
-7.921617
-9.452728
-8.439977
-7.999960
-7.183141
-7.943082
-7.460288
-8.708463
-7.938618
-10.245603
-7.543082
-10.265615
-7.233833
-8.134343
-8.612883
-7.163344
-7.941782
-8.839632
-7.167195
-8.135976
-7.267071
-9.741749
-8.306885
-9.015976
-8.134343
-7.162404
-8.969707
-8.134343
-8.410205
-7.651619
-7.071349
-7.940508
-7.073841
-7.336160
-7.691609
-7.819818
-7.726222
-8.284258
-9.319126
-7.518003
-7.115279
-8.435011
-8.723724
-8.465202
-7.902702
-7.053884
-9.805125
-9.931797
-9.229699
-9.361289
-6.963557
-8.705789
-6.985088
-9.609824
-8.933952
-7.991822
-9.532956
-9.911107
-6.604210
-7.621452
-8.508330
-6.800023
-9.228796
-8.038320
-7.673540
-7.242024
-9.233356
-9.134540
-8.792706
-8.871654
-8.503232
-8.376241
-8.307137
-7.754770
-8.204987
-8.326199
-7.386454
-8.295943
-7.567206
-7.319273
-7.779665
-7.982130
-8.432079
-8.159352
-8.216347
-7.110571
-7.631050
-8.410453
-8.645066
-8.983676
-9.501457
-7.790931
-7.159352
-8.294487
-9.038662
-7.650423
-8.653511
-8.288608
-8.369822
-8.573996
-8.109333
-8.350591
-8.250591
-8.482170
-8.070775
-8.404437
-7.603838
-8.168127
-8.102360
-7.971221
-7.850265
-7.473021
-7.531827
-8.562130
-8.449008
-8.012130
-8.100591
-8.813231
-6.646467
-8.496556
-8.152491
-7.820871
-7.624957
-7.803264
-7.678201
-8.221221
-8.972844
-7.820871
-8.874630
-8.198493
-7.473021
-8.381279
-7.959037
-8.301967
-9.315861
-7.170377
-9.455747
-9.163825
-8.305719
-7.722130
-9.715976
-9.684579
-7.374630
-7.820871
-8.784482
-8.128845
-8.293948
-7.841055
-8.127177
-7.454134
-7.204926
-7.311202
-8.493948
-7.736372
-6.855869
-7.154459
-8.052029
-7.760645
-7.709279
-8.420084
-8.112660
-8.198493
-9.964727
-7.993299
-7.751125
-8.436865
-7.883977
-8.448493
-7.499588
-8.231626
-7.356657
-9.226271
-9.659604
-7.499588
-8.339922
-8.092755
-7.485026
-8.408350
-7.398242
-7.194286
-8.368513
-7.928513
-7.968513
-7.276356
-8.097084
-7.588513
-8.295964
-7.649282
-7.956648
-7.010618
-8.045871
-7.657584
-7.646774
-7.927772
-7.254979
-6.488185
-8.011105
-7.852723
-8.731340
-8.562630
-7.512263
-6.748513
-9.915088
-8.181333
-7.607288
-8.720871
-8.837130
-6.051165
-7.420873
-6.914407
-8.560213
-7.890745
-7.834407
-7.925316
-9.791197
-7.820518
-7.653684
-7.722519
-7.834407
-7.658731
-8.297370
-8.551388
-9.290929
-6.676512
-8.018617
-8.044933
-7.983343
-9.347920
-8.538111
-7.882600
-8.372868
-6.745911
-7.812668
-6.564137
-8.284407
-8.717524
-10.034407
-7.804104
-8.103584
-7.860469
-7.914439
-8.572334
-9.158800
-8.823435
-8.098650
-6.656671
-8.572334
-8.134834
-8.506760
-7.949692
-7.635161
-8.296472
-8.979741
-8.017589
-8.983048
-8.572334
-8.344611
-7.831075
-8.572334
-8.493386
-7.355667
-8.154751
-7.195990
-9.326065
-7.180581
-8.451644
-8.257519
-7.629329
-8.466451
-9.174029
-7.646018
-9.388848
-8.315924
-8.016778
-8.460446
-7.697334
-9.694783
-9.900403
-7.664485
-8.803201
-7.176517
-8.425725
-7.637516
-6.868457
-8.605399
-7.561812
-7.632176
-7.304620
-8.445298
-8.238052
-9.154389
-8.173869
-8.480592
-8.033434
-8.120298
-7.554822
-7.792173
-7.734369
-8.290753
-7.723559
-8.004557
-8.120298
-8.692666
-7.745298
-7.847571
-9.991873
-7.321056
-7.956409
-7.661076
-8.187734
-7.892960
-7.371221
-7.612355
-9.555687
-8.072519
-7.357332
-7.634107
-7.558721
-8.443684
-7.842919
-7.752577
-8.582332
-8.630480
-7.291221
-8.195545
-8.360292
-9.681565
-7.653272
-7.458940
-7.746221
-7.902471
-7.875808
-7.124952
-6.576040
-7.884041
-7.871221
-8.945689
-7.258098
-8.916675
-7.593164
-7.398616
-7.368651
-6.368651
-7.445463
-8.745463
-7.727919
-7.912130
-10.712130
-8.004325
-8.604325
-7.584626
-9.222756
-9.050479
-7.894924
-7.052174
-8.450479
-6.575479
-8.033813
-9.655299
-10.233612
-8.170657
-7.988796
-8.046332
-8.812130
-7.545943
-8.812130
-7.703558
-7.545943
-8.687130
-8.504437
-8.812130
-8.268920
-8.257385
-7.913360
-7.441617
-8.803936
-8.317374
-7.485207
-7.724073
-7.929866
-8.256110
-7.703206
-7.079193
-8.283492
-8.505980
-7.735071
-7.907825
-8.811978
-8.401182
-7.415071
-7.046650
-8.637928
-10.488755
-7.796427
-8.034119
-8.522902
-8.453575
-8.190326
-7.900247
-7.431993
-7.864425
-8.373169
-7.251665
-8.580929
-7.668780
-8.617685
-8.617685
-7.751019
-10.862968
-8.617685
-7.729897
-8.286410
-7.150931
-8.171195
-9.926418
-9.271784
-7.894139
-8.408672
-8.469897
-8.585968
-7.961422
-7.356775
-7.803230
-8.681008
-7.902329
-8.344897
-9.118045
-7.389897
-8.458968
-8.720998
-7.932860
-8.247674
-8.364014
-7.659086
-7.503230
-7.293426
-7.223628
-8.219897
-6.995670
-8.056363
-9.869897
-9.044365
-10.538524
-8.294221
-7.356775
-8.148468
-9.015351
-8.294221
-7.268021
-7.951463
-7.318914
-7.795618
-7.544282
-8.869212
-7.538300
-7.886528
-7.713127
-7.812664
-7.000164
-8.352437
-7.826251
-8.143781
-7.540019
-9.674406
-8.771903
-7.539819
-8.003411
-8.129474
-10.196592
-10.158327
-10.161055
-7.592757
-9.334501
-8.139053
-7.851859
-8.025674
-8.250164
-8.052051
-7.007424
-8.115201
-7.444475
-6.292919
-8.122843
-9.113181
-8.140959
-9.807625
-8.036792
-8.270204
-7.724987
-6.834617
-8.007907
-6.604987
-8.103538
-9.093876
-9.623169
-8.017487
-6.104987
-6.698814
-8.684171
-10.030837
-8.164171
-7.021313
-7.797504
-7.683401
-7.454026
-7.795749
-8.051713
-8.142622
-7.862058
-8.418380
-9.008035
-7.326223
-8.609808
-8.788147
-8.444186
-8.510833
-8.706752
-8.651072
-7.115287
-8.286281
-8.095738
-7.377471
-7.707451
-8.263834
-8.902846
-6.538052
-8.218380
-8.959514
-7.902590
-8.612497
-8.162824
-7.718380
-8.231200
-7.929491
-8.464304
-8.277863
-8.054665
-8.533269
-9.236581
-8.537988
-8.969798
-7.564304
-8.083351
-7.384304
-8.372467
-7.024304
-8.087960
-7.898266
-7.908748
-8.464304
-10.043251
-8.264304
-8.095883
-7.675415
-10.544304
-9.318470
-8.464304
-8.088618
-7.966459
-7.847023
-9.143834
-8.095829
-8.112923
-8.557368
-7.768479
-8.119868
-7.562444
-8.280772
-7.013890
-8.307368
-8.557368
-8.193731
-8.455919
-8.335146
-7.590701
-8.174389
-9.311099
-8.436678
-7.780225
-9.450985
-8.451485
-7.631052
-8.001812
-7.682368
-8.557368
-8.866892
-8.046730
-9.679817
-7.816109
-6.786343
-7.344483
-6.701626
-7.344483
-6.240135
-9.163632
-8.163760
-8.154006
-8.952326
-7.344483
-6.144483
-9.413110
-7.407310
-8.084320
-8.147402
-8.973054
-8.457690
-6.719483
-7.044483
-9.036790
-8.968139
-9.413233
-7.741390
-6.889937
-7.232595
-9.924888
-6.695861
-7.556165
-7.886574
-10.200871
-7.853716
-8.933231
-8.816026
-8.038475
-7.819967
-8.413140
-8.707235
-8.017189
-7.552339
-8.046111
-9.382044
-7.808217
-7.323701
-8.098743
-7.888217
-7.794952
-7.939312
-7.707245
-8.603796
-8.157368
-8.037759
-8.603796
-7.660791
-7.654891
-7.582057
-7.666624
-8.603796
-7.275377
-8.503581
-7.966225
-8.522546
-9.135046
-6.779337
-8.309033
-7.523845
-8.082546
-8.122546
-8.315300
-8.251118
-8.557841
-8.110682
-8.932135
-8.268700
-7.879541
-8.584451
-8.081806
-8.045404
-8.641695
-8.036832
-8.006757
-7.010046
-10.556359
-10.069122
-8.335367
-7.398304
-7.568670
-8.124512
-8.434857
-8.709857
-8.291647
-8.280112
-6.891624
-7.879891
-7.607584
-7.518475
-9.127584
-7.107584
-7.629167
-7.925120
-8.500441
-7.917108
-8.007584
-8.516675
-8.235207
-8.632114
-8.224278
-8.975044
-8.369353
-8.557241
-10.059531
-10.059531
-7.501873
-9.047707
-6.708891
-8.249630
-8.249630
-7.508889
-8.249630
-9.027408
-9.002876
-6.318257
-8.148180
-9.138519
-9.832963
-9.499630
-7.329630
-6.743457
-8.687646
-6.952130
-8.303264
-7.119125
-7.865049
-8.420571
-8.147844
-7.747844
-7.022844
-7.619542
-8.398945
-8.136915
-6.842288
-8.291522
-7.957368
-8.972168
-7.555251
-8.445141
-9.600674
-8.778613
-8.576415
-7.717358
-8.392938
-9.310119
-7.708955
-7.331404
-7.056574
-7.643424
-7.318893
-8.605059
-7.961702
-7.802551
-8.157054
-7.917068
-7.691292
-7.439755
-8.388660
-7.393736
-7.721994
-8.041722
-8.309861
-7.689810
-7.481646
-7.872858
-8.868567
-7.612369
-6.650063
-7.681652
-7.577577
-8.981627
-9.175855
-8.769931
-7.104883
-9.152452
-6.903796
-8.258526
-8.403796
-9.831428
-8.000495
-8.613134
-7.348469
-7.953039
-6.892433
-7.739323
-7.034291
-7.138552
-8.019868
-6.639908
-7.713007
-7.528796
-6.736187
-7.413227
-9.436675
-8.294453
-7.898031
-7.143198
-7.069501
-7.366798
-7.899179
-8.480312
-7.366798
-6.614124
-9.146978
-9.406627
-7.901894
-7.880312
-6.971221
-10.680312
-8.228138
-7.880312
-7.145529
-8.757643
-6.339164
-7.739785
-8.772643
-7.501690
-8.506298
-8.469109
-8.514221
-8.460990
-7.462130
-7.317847
-6.888355
-8.455016
-7.852943
-8.462939
-7.831360
-7.148896
-9.092549
-7.488269
-7.495826
-8.668060
-8.486363
-8.496483
-8.439488
-11.028529
-7.503318
-8.085741
-8.032524
-8.598034
-8.256073
-8.124630
-8.059096
-8.187130
-7.731773
-8.831420
-8.874630
-8.428476
-8.461096
-9.220784
-7.965539
-7.857388
-8.062130
-11.113225
-8.105880
-8.384141
-8.496789
-7.647014
-6.363023
-6.850324
-8.171837
-7.544769
-8.530880
-7.405880
-7.874134
-7.862670
-7.989213
-7.405880
-8.850324
-7.225552
-7.977308
-7.474630
-7.722101
-7.713698
-7.336147
-7.648167
-7.479078
-7.807294
-9.314861
-7.728872
-8.066051
-8.628872
-8.304301
-8.096277
-7.754416
-8.271789
-8.362718
-8.775472
-7.282718
-10.528001
-8.342547
-8.165835
-8.711289
-11.493829
-9.653088
-8.169596
-8.535814
-9.776949
-7.035814
-8.374524
-8.584007
-7.825669
-7.369147
-8.263023
-7.050852
-6.033308
-8.475543
-7.892789
-6.302435
-7.864781
-8.445914
-8.735914
-8.372229
-9.112580
-7.845914
-8.432380
-6.936823
-7.618191
-9.217685
-8.368012
-7.548980
-7.753039
-8.510615
-7.770657
-7.385134
-8.273241
-7.670902
-7.141296
-8.379891
-8.942831
-8.829253
-8.532164
-7.939847
-9.791093
-7.719664
-7.501482
-7.792128
-9.306130
-7.302997
-7.719664
-7.782491
-7.719664
-6.139019
-7.719664
-8.065818
-6.969664
-6.639595
-6.639595
-8.823805
-5.925309
-8.247438
-8.218542
-6.749184
-6.320629
-7.890696
-7.020950
-8.880729
-8.949939
-7.793441
-7.698418
-7.529595
-6.340893
-7.708222
-6.530504
-8.898336
-7.073557
-6.639595
-7.754979
-9.306261
-6.639595
-7.844414
-7.455384
-6.639595
-7.586574
-8.436127
-7.931574
-8.992518
-8.173241
-8.142938
-8.066858
-8.570148
-9.601812
-8.064669
-8.068893
-7.224336
-8.496770
-7.854275
-8.530384
-7.470538
-8.973241
-7.989755
-8.804082
-9.424342
-7.404010
-6.975128
-7.763948
-7.852195
-9.485327
-7.987538
-9.760341
-7.249024
-8.046868
-6.495049
-7.735019
-7.153039
-7.789402
-9.130826
-6.607584
-7.577281
-7.005853
-7.437496
-7.929662
-7.910615
-7.811849
-6.910615
-7.533803
-9.479242
-8.406110
-7.762935
-7.561483
-7.533603
-7.997195
-8.243948
-7.466805
-8.123258
-8.832989
-8.290102
-7.586541
-9.328285
-7.845643
-9.201091
-8.180368
-7.363854
-8.015017
-7.368930
-7.250732
-7.342115
-7.840044
-7.272017
-8.980875
-9.012002
-8.243164
-8.676354
-7.697187
-8.363854
-8.432819
-8.479925
-7.187383
-8.296546
-7.855379
-7.410729
-7.250732
-8.448191
-7.931755
-8.188178
-8.339908
-7.915994
-8.339908
-7.998998
-7.339908
-8.093639
-9.149431
-8.339908
-7.808913
-7.053072
-8.178072
-8.167143
-7.987596
-9.002396
-9.520177
-7.246822
-7.362282
-8.632617
-7.388598
-8.021822
-8.178072
-8.313207
-8.237901
-11.389183
-9.002396
-6.656432
-8.097156
-8.210278
-7.748739
-7.793611
-7.512909
-8.198650
-9.085278
-7.312551
-8.210278
-8.199349
-6.315541
-8.231861
-8.210278
-8.710278
-8.936084
-7.701349
-10.119369
-7.029950
-8.210278
-7.876945
-7.215354
-7.936430
-7.823599
-8.097322
-8.086288
-8.283369
-7.445531
-7.939619
-7.524748
-8.041702
-8.200035
-8.065187
-7.660727
-8.283369
-7.566197
-7.524503
-7.408369
-9.351996
-7.727813
-8.330244
-8.914138
-7.271706
-7.464727
-8.217340
-8.107584
-6.670411
-7.527584
-6.558804
-7.490701
-7.043068
-7.514320
-9.862786
-7.669956
-9.304073
-7.409956
-7.409956
-7.909956
-6.305608
-7.594166
-7.182233
-9.478583
-8.519545
-7.855211
-7.018203
-5.615838
-9.866746
-7.342648
-7.854400
-9.609956
-7.847696
-7.329163
-7.080556
-7.549034
-7.010885
-6.609850
-7.790701
-8.687253
-8.377167
-7.790701
-7.437760
-9.159122
-9.839482
-7.677579
-7.790701
-7.549034
-8.207963
-8.459064
-6.746425
-8.197034
-9.213039
-10.032287
-7.629016
-7.699488
-8.715005
-7.474630
-9.430820
-8.207963
-9.020463
-8.342109
-7.713076
-8.410444
-8.296159
-9.182722
-8.915939
-6.910444
-7.510444
-8.410444
-7.472944
-8.065617
-8.318608
-8.034100
-7.844407
-9.010444
-7.012139
-8.948906
-8.262296
-8.410444
-9.989392
-6.535444
-8.042023
-7.357813
-7.367234
-8.193053
-7.732478
-9.028091
-8.645738
-7.941287
-8.555572
-8.546481
-8.045934
-8.221530
-8.477155
-8.580572
-8.213906
-8.852480
-7.912362
-9.086413
-7.873754
-8.599251
-7.372239
-7.275244
-6.819209
-7.870667
-7.001027
-8.604509
-7.524322
-8.074620
-8.821574
-8.908350
-8.168513
-9.992837
-8.168513
-8.431399
-7.660038
-7.088513
-8.168513
-7.435179
-8.981013
-8.168513
-6.642197
-8.302659
-9.476205
-7.546959
-7.968012
-7.968012
-8.001345
-7.859441
-9.130174
-8.957083
-6.914441
-7.587060
-7.019107
-7.234679
-9.721743
-8.111690
-9.863664
-7.227271
-7.014166
-7.768012
-7.257867
-7.968012
-10.116160
-10.157201
-8.582047
-10.051345
-9.301345
-7.179123
-6.444203
-6.858012
-7.812130
-7.276171
-8.057500
-7.665391
-8.087130
-5.962992
-7.947130
-7.830808
-7.136783
-8.034352
-8.892827
-8.283456
-8.775622
-7.335191
-7.364908
-8.180817
-8.089908
-9.161336
-8.372736
-7.320677
-6.906421
-9.000799
-9.745080
-8.478796
-8.684154
-7.763082
-7.495309
-8.673540
-6.782545
-6.822873
-7.307137
-7.871654
-8.295896
-9.339908
-7.922748
-7.768767
-7.858997
-8.781730
-7.864221
-6.942423
-7.208767
-8.738122
-7.787021
-7.909128
-7.636302
-7.259943
-8.374322
-8.054061
-7.443767
-8.831587
-7.626459
-8.569868
-7.763211
-9.982889
-7.608622
-7.789632
-8.601260
-7.171631
-8.073987
-8.420308
-8.801260
-8.722313
-8.305847
-7.742437
-8.770957
-6.510668
-6.980851
-8.764680
-7.033588
-9.195583
-6.770996
-7.875462
-7.747334
-8.473604
-7.177482
-7.322575
-6.804203
-9.647786
-7.320625
-7.610996
-6.478874
-7.000520
-6.953882
-7.872814
-8.123428
-7.440996
-8.153959
-7.747991
-7.455702
-8.372030
-7.739188
-6.602500
-6.623688
-8.775333
-7.072352
-9.061366
-6.420725
-7.660693
-7.739776
-7.558954
-7.882995
-7.896787
-7.946547
-7.694433
-7.364406
-8.773571
-8.287010
-7.877919
-8.166055
-6.612444
-7.576498
-7.914331
-8.785463
-6.629276
-8.728796
-8.884534
-7.895463
-8.481929
-10.695463
-7.895463
-8.639128
-7.272385
-8.078126
-6.547960
-8.842831
-8.905150
-8.418589
-8.633154
-10.809498
-7.126206
-7.655303
-8.801046
-8.283979
-8.316919
-8.004054
-8.891705
-6.866302
-8.463384
-8.372475
-8.986510
-8.736548
-7.555697
-7.489795
-8.204802
-8.736548
-8.921014
-7.851933
-7.805298
-8.471842
-8.736548
-8.229086
-7.623426
-8.236548
-8.526745
-7.562130
-7.875317
-7.144420
-8.526745
-8.590423
-8.792899
-7.077586
-10.120871
-8.367624
-8.469973
-6.493709
-8.381117
-7.913225
-6.862130
-7.910322
-8.626678
-9.477928
-9.255602
-8.044415
-7.648837
-7.340537
-7.341261
-9.010758
-7.881457
-6.932928
-8.843642
-7.557928
-9.741602
-8.071442
-7.557928
-8.029626
-7.167684
-6.669039
-7.921564
-7.557928
-7.557928
-9.846064
-8.546999
-7.104722
-7.773143
-7.599167
-6.984722
-7.981645
-7.536301
-8.673953
-7.890833
-6.692601
-7.740543
-7.977186
-9.464722
-7.961717
-9.893094
-8.951597
-8.806362
-8.535563
-9.418236
-9.534352
-10.194377
-8.989060
-9.275093
-7.104722
-8.649363
-8.365674
-8.569848
-8.105185
-8.346443
-7.926443
-7.961828
-7.737353
-7.902781
-8.270686
-7.937353
-7.733321
-7.829202
-8.040377
-8.432037
-8.766429
-8.863251
-7.583973
-8.097233
-8.793873
-8.007633
-8.521146
-7.749718
-7.784033
-8.937813
-7.762281
-7.452181
-8.152725
-8.963454
-7.340423
-8.089047
-8.364896
-8.012218
-7.910035
-8.521146
-7.863251
-8.944223
-9.333646
-8.396146
-7.802396
-8.400456
-7.606836
-8.050886
-7.046736
-8.067000
-7.429531
-7.628588
-7.857227
-7.905931
-8.422696
-8.365701
-7.273864
-8.624960
-7.727403
-9.013849
-7.285701
-7.822491
-9.676046
-7.351812
-8.143479
-8.365701
-8.481773
-7.414482
-7.646951
-6.891474
-7.878522
-8.940169
-8.549912
-8.190025
-8.438165
-7.666399
-7.065235
-8.779521
-7.848271
-8.779521
-8.779521
-8.779521
-8.779521
-8.069176
-8.279521
-8.511929
-9.648796
-8.851245
-6.770990
-6.819771
-7.817144
-9.490990
-9.073622
-7.435113
-7.829814
-6.472289
-7.839618
-6.715435
-6.770990
-7.913848
-7.134627
-5.884198
-7.401760
-6.770990
-8.385026
-7.718359
-8.415124
-7.318423
-7.978122
-7.432366
-8.615814
-8.054801
-8.422692
-7.917170
-8.407994
-8.776415
-8.380312
-7.822172
-8.314738
-8.449277
-8.380312
-8.837102
-7.815795
-8.266026
-7.398169
-8.962729
-6.880312
-7.653039
-8.278862
-8.003967
-8.380312
-7.956399
-8.980312
-6.982006
-9.959259
-8.180312
-8.011890
-7.327680
-7.591423
-7.702345
-10.460312
-9.249877
-8.380312
-8.275689
-8.462130
-7.897614
-8.462130
-7.914960
-6.962130
-8.462130
-8.085786
-8.462130
-7.896092
-7.906574
-7.063825
-6.662130
-8.462130
-10.041077
-6.862130
-7.982130
-7.409498
-9.666949
-9.079777
-10.245262
-7.651319
-8.697424
-8.462130
-8.462130
-8.672505
-8.412015
-8.230197
-8.489456
-7.414663
-7.775652
-9.117075
-8.639288
-7.177565
-7.861776
-7.886447
-8.150197
-6.980197
-7.896864
-9.124315
-7.970034
-10.572302
-8.164623
-7.317916
-7.373875
-9.654439
-6.540542
-8.109507
-8.230197
-8.119086
-9.310197
-8.005707
-8.230197
-8.701506
-6.176945
-7.118079
-10.400754
-7.213231
-8.467624
-8.569973
-8.500591
-6.593709
-8.013225
-10.182313
-8.617685
-7.739082
-7.700328
-9.437599
-8.509056
-8.449227
-8.890665
-8.245017
-7.409253
-7.942907
-7.929108
-7.646113
-8.271280
-7.331423
-7.435083
-9.057605
-7.204194
-9.898264
-9.240169
-9.720453
-9.211451
-7.759528
-7.826836
-7.276836
-7.812947
-9.993502
-7.826836
-7.223722
-8.165971
-7.736982
-7.654722
-8.160895
-8.130592
-7.420154
-8.194228
-7.542338
-8.383752
-10.112115
-10.251804
-8.104987
-8.039133
-8.273408
-7.646122
-6.362130
-7.679987
-8.529987
-7.404987
-7.404987
-8.518194
-8.627844
-8.553923
-8.573019
-8.693709
-8.129193
-7.744804
-8.476841
-8.212696
-8.816158
-7.944810
-6.293651
-7.694273
-8.437130
-7.653643
-8.727130
-7.323616
-6.894125
-8.246221
-8.184956
-7.139687
-8.748796
-8.140301
-7.952934
-7.386691
-7.085939
-7.628796
-7.308796
-8.718158
-12.025898
-10.262130
-7.062130
-8.382476
-7.912668
-7.923308
-7.740590
-7.709749
-7.581447
-8.109749
-8.360850
-8.385611
-8.189749
-8.109749
-7.399404
-7.891567
-7.757897
-7.929026
-7.741328
-9.079446
-7.109749
-7.320275
-11.320860
-8.934073
-8.989059
-7.600820
-8.600591
-8.459037
-7.462130
-10.282313
-8.354772
-8.416796
-8.055356
-8.747057
-7.453420
-8.300127
-7.624442
-7.858238
-8.456610
-8.124034
-7.683237
-8.115701
-7.996542
-7.387284
-8.365701
-9.747144
-8.351812
-8.616802
-8.181491
-7.655556
-10.514637
-10.185373
-8.933179
-7.764608
-7.030381
-7.287216
-7.287941
-9.151666
-8.050062
-8.318167
-8.606880
-9.189793
-6.879608
-7.504608
-7.785858
-9.814952
-6.950761
-8.018121
-8.551483
-7.324280
-7.269313
-8.330695
-6.555702
-8.763867
-9.492980
-7.504608
-6.394608
-5.837941
-7.504608
-7.755709
-7.474305
-8.402286
-7.035543
-7.298972
-8.668308
-6.829651
-8.181747
-7.772656
-8.359122
-7.772656
-8.060792
-8.495865
-7.718722
-8.078282
-7.391517
-7.988618
-6.915220
-7.564615
-7.706976
-6.579198
-8.495865
-9.312378
-6.701747
-8.235702
-8.842019
-7.586774
-9.308365
-8.746966
-10.008685
-7.964119
-6.833290
-7.707532
-7.815627
-6.513240
-9.086361
-7.748523
-8.913270
-7.352770
-6.832362
-6.975294
-9.143711
-8.008536
-7.147056
-6.997883
-8.743348
-7.183458
-6.970353
-7.924199
-10.113388
-9.049199
-9.117747
-7.924199
-7.547855
-8.647603
-6.551650
-8.085118
-7.953979
-7.455779
-9.131355
-8.036414
-8.268293
-7.660960
-8.203979
-8.294888
-8.317166
-7.453979
-8.322666
-7.604717
-7.862424
-8.127306
-8.424199
-7.669888
-9.698735
-8.034250
-11.083350
-8.720666
-7.234180
-8.720666
-7.299614
-8.520666
-7.522553
-8.720666
-8.339714
-8.720666
-7.006381
-8.641719
-8.720666
-8.183629
-8.502484
-8.054000
-8.093431
-7.696879
-7.377525
-7.895306
-8.553201
-8.079517
-7.811942
-7.509991
-7.735019
-7.367155
-7.998457
-6.072188
-8.127669
-8.325478
-8.865701
-7.464092
-8.372350
-8.311534
-9.033970
-8.296791
-9.096058
-9.355088
-7.997646
-8.353201
-7.678201
-9.499630
-8.736548
-7.724920
-7.538435
-8.387711
-8.736548
-9.098250
-8.009276
-8.355596
-8.546072
-8.044241
-8.736548
-8.736548
-7.677725
-7.055856
-7.721079
-7.389483
-7.238320
-7.324786
-7.738320
-8.464127
-7.922786
-8.273204
-7.794658
-8.520929
-8.320738
-7.402442
-8.520138
-6.851528
-7.724431
-7.801147
-6.538320
-7.574141
-8.032438
-8.628320
-8.639960
-5.847909
-8.369161
-8.419355
-7.786513
-7.700286
-8.643948
-7.182409
-7.712698
-8.530826
-9.456448
-7.925198
-7.864131
-7.362130
-6.979898
-7.785134
-7.637887
-8.336640
-9.014511
-6.360375
-6.819705
-6.728796
-8.722130
-8.128865
-8.191827
-9.279125
-7.643182
-10.046454
-7.812491
-7.713655
-9.041279
-8.222130
-9.357265
-6.715976
-7.648668
-6.001690
-6.397010
-9.324672
-7.315976
-8.137029
-7.774799
-6.291733
-6.660420
-6.715976
-7.604865
-8.339632
-7.004111
-7.920795
-8.195976
-6.668357
-9.481933
-8.515976
-8.821558
-9.661892
-7.775539
-6.606284
-6.861372
-7.714908
-7.253990
-7.476252
-8.421886
-8.312130
-7.435786
-7.565861
-8.022656
-8.236372
-8.579335
-8.066071
-8.295646
-7.934310
-7.891800
-8.176415
-8.059244
-8.423474
-7.825196
-7.378110
-7.407257
-7.996599
-8.330262
-7.529662
-7.832753
-8.776415
-7.887527
-8.200658
-7.867325
-7.759174
-8.093951
-8.562130
-8.193709
-8.310460
-7.268757
-8.784352
-8.321389
-7.765833
-6.774219
-7.175556
-8.584276
-8.021389
-7.911750
-7.638925
-8.802158
-8.189810
-8.381218
-7.698747
-8.321389
-8.376945
-8.071389
-7.342972
-7.609525
-7.880711
-8.137178
-8.454722
-9.985511
-7.949960
-8.595463
-7.892565
-7.870377
-8.005719
-7.625766
-7.718920
-7.330880
-7.171221
-9.313225
-7.885786
-8.262130
-8.881177
-7.830031
-7.836598
-7.623832
-7.802360
-9.686372
-7.574630
-7.781117
-9.262130
-9.310910
-9.081802
-9.078643
-9.219273
-7.605880
-8.200905
-9.875425
-6.318247
-9.241744
-8.314023
-7.062595
-7.506932
-6.222595
-9.024290
-7.485422
-8.755928
-7.148401
-8.162432
-6.840777
-8.005012
-8.502595
-7.695322
-7.998352
-7.400856
-9.176326
-9.114903
-8.411666
-6.968049
-7.310707
-7.355287
-9.622595
-7.883500
-6.938254
-7.966504
-8.307413
-8.307413
-7.580140
-7.107413
-7.907413
-7.941559
-8.833729
-8.364408
-8.622226
-8.803939
-7.414660
-7.923393
-7.582355
-7.833513
-8.207643
-8.099309
-8.257643
-8.760331
-7.658511
-7.718334
-7.563833
-8.090976
-7.623804
-8.227854
-7.971817
-7.900298
-7.927442
-9.722419
-8.327087
-8.715976
-8.971745
-7.879437
-9.403803
-8.474309
-9.288344
-8.252480
-8.879437
-8.340976
-7.971531
-8.571531
-8.334352
-8.486651
-8.303400
-8.336053
-9.189963
-7.183643
-7.435542
-6.930506
-8.417685
-8.417685
-8.182391
-8.325849
-8.417685
-7.692685
-9.996633
-7.365054
-7.374475
-8.001019
-7.739719
-9.107340
-7.936673
-8.417685
-7.658820
-6.959981
-6.939030
-7.257308
-7.038846
-8.352179
-7.902520
-7.274402
-7.488077
-6.537995
-7.718846
-7.538123
-8.675636
-8.615398
-8.781673
-7.554667
-7.604560
-7.052179
-7.718846
-11.060951
-7.477179
-8.504049
-7.969836
-7.820066
-8.391495
-7.915795
-7.149737
-7.599569
-7.391495
-9.445243
-7.920716
-8.678030
-7.545678
-8.979157
-8.922490
-9.355823
-8.411191
-8.340258
-8.712813
-8.110739
-8.089157
-8.720736
-9.464157
-8.854583
-8.382884
-8.112614
-8.845847
-7.668599
-8.779792
-6.895705
-8.746521
-8.122722
-8.431077
-7.462884
-8.700420
-9.001932
-8.587704
-7.859075
-8.237051
-8.746521
-8.959808
-7.476317
-7.333809
-7.393519
-8.344738
-8.344738
-8.344738
-7.344738
-7.435648
-7.144738
-8.029924
-7.978885
-9.011405
-8.344738
-8.919207
-9.264738
-7.408568
-7.009498
-7.260599
-8.065836
-9.089498
-7.953943
-8.406405
-7.100407
-8.528485
-7.162130
-7.795463
-10.420871
-8.218468
-8.071221
-9.119273
-8.343948
-10.382313
-6.522537
-7.937772
-10.206136
-8.384147
-7.753306
-6.648958
-8.034556
-8.553306
-7.535124
-8.555193
-7.758382
-7.816133
-9.060999
-9.123677
-9.586640
-7.660042
-7.753306
-9.884888
-7.626268
-9.793558
-7.907206
-7.846574
-8.118279
-9.789189
-8.656557
-7.909189
-8.800098
-7.650365
-7.999044
-8.709189
-11.444483
-8.772656
-8.772656
-8.289049
-8.017939
-8.062311
-8.210673
-8.372656
-8.253425
-8.351603
-7.660768
-8.772656
-8.671207
-7.227844
-7.998977
-8.814511
-8.396928
-7.814511
-7.905420
-7.446090
-7.478633
-7.800622
-8.003700
-7.702623
-8.286209
-7.638835
-7.512185
-11.305582
-8.065612
-7.564511
-8.277474
-8.861386
-7.963447
-8.445352
-8.352972
-10.104166
-6.747203
-7.792772
-8.264511
-8.220986
-7.404472
-8.311208
-7.468302
-8.343248
-7.895997
-7.404472
-8.279472
-8.404472
-6.694795
-8.404472
-7.861262
-8.404472
-9.714817
-8.182250
-8.586290
-7.986890
-8.520543
-7.548150
-8.134202
-8.148062
-8.154472
-6.930245
-6.609291
-7.904472
-8.476936
-10.473100
-8.228796
-7.291350
-11.846333
-8.488809
-8.228796
-8.228796
-7.916303
-7.597864
-8.628167
-8.562594
-8.218529
-8.119693
-7.690995
-7.886909
-8.141681
-7.886909
-8.675042
-9.038882
-8.628167
-7.886909
-8.099866
-8.628167
-7.539059
-8.025075
-7.945703
-8.210585
-8.003167
-8.790330
-8.313353
-9.229862
-9.444681
-9.171025
-8.428167
-8.516279
-7.753167
-8.628167
-9.574596
-8.937691
-9.782014
-9.750616
-8.609235
-8.806316
-8.512198
-7.540129
-7.697744
-8.681316
-8.806316
-8.360375
-8.170657
-7.779891
-8.107266
-6.807390
-8.478414
-7.208226
-9.106032
-8.628245
-6.587576
-7.842810
-6.582791
-7.552488
-6.981059
-7.166523
-7.850733
-7.855518
-7.988385
-7.885821
-7.690853
-7.278984
-8.629869
-7.442012
-8.098465
-8.808196
-9.303492
-9.038827
-7.994665
-8.219155
-9.108161
-8.751019
-7.036733
-8.751019
-8.751019
-8.751019
-8.751019
-8.255606
-7.692195
-8.121389
-8.306574
-7.687815
-8.548665
-7.300639
-8.316491
-9.019022
-7.959155
-7.692689
-8.411016
-9.295087
-7.432839
-8.011786
-8.225503
-7.707996
-7.852355
-7.183227
-6.715273
-8.792899
-7.384974
-6.945904
-7.468338
-8.384974
-7.811417
-7.385492
-7.978084
-7.735988
-7.027872
-7.501232
-8.734480
-8.459566
-11.067409
-8.131574
-6.433376
-8.964908
-8.298241
-7.743496
-7.740101
-8.189669
-9.185119
-8.298241
-8.090694
-8.267938
-8.805283
-8.742685
-7.907997
-8.331574
-9.159352
-8.771925
-8.298241
-10.617390
-9.420690
-9.817228
-7.606574
-8.286892
-8.043611
-7.824034
-7.774773
-7.646564
-8.198383
-7.645463
-8.417046
-8.539141
-7.465231
-8.189949
-8.847844
-7.514511
-8.847844
-8.739273
-7.666993
-8.262938
-8.457600
-7.740701
-8.847844
-9.398864
-9.463229
-9.302389
-8.828087
-8.479250
-7.198458
-8.828087
-8.445734
-7.769264
-8.828087
-8.814198
-8.282633
-7.920317
-7.398578
-8.546726
-7.822821
-7.661465
-7.586078
-8.398578
-7.285456
-8.471042
-7.870276
-8.455573
-7.870276
-7.779934
-7.874769
-7.306742
-6.688901
-9.015600
-8.454134
-7.318578
-8.398578
-8.398578
-8.029419
-7.398578
-7.861541
-9.212532
-8.051640
-8.762215
-7.449673
-9.798578
-8.618091
-8.482916
-8.944033
-8.022241
-7.906705
-6.778913
-6.690733
-7.722322
-8.032023
-8.064147
-8.660211
-8.212295
-8.064676
-8.280601
-8.192915
-8.430056
-8.378961
-8.760317
-7.469871
-7.466681
-8.035211
-7.904735
-9.038052
-8.378961
-8.262078
-7.098961
-8.295628
-8.247382
-8.378961
-8.378961
-7.661790
-7.637703
-7.620096
-8.378961
-8.378961
-10.267073
-9.447589
-9.760405
-8.630063
-8.194751
-8.290466
-10.198634
-8.088364
-9.275864
-8.047702
-7.914584
-6.572060
-8.063364
-7.963364
-7.963364
-7.664663
-7.779878
-7.741142
-7.347980
-9.032114
-6.874255
-7.963364
-7.018920
-9.025864
-7.496698
-8.331785
-10.238364
-7.963364
-6.407809
-6.869822
-7.765474
-10.090006
-7.814266
-6.239518
-8.011119
-8.663705
-7.961526
-8.991261
-8.104383
-7.896836
-7.896836
-6.923660
-7.184383
-7.363643
-7.608970
-8.744383
-6.973948
-7.215494
-8.572637
-7.485827
-8.327240
-7.804383
-7.690849
-7.971050
-11.045560
-8.577281
-7.646564
-7.951019
-9.383835
-9.460680
-8.306967
-7.498943
-7.103742
-6.671437
-7.203558
-6.902426
-8.581233
-7.515137
-7.803558
-7.974467
-7.652789
-7.637290
-7.507214
-7.883558
-7.515137
-8.173881
-9.106415
-8.790294
-8.946386
-8.227308
-9.370738
-7.883558
-9.773558
-9.251979
-9.932339
-8.777676
-11.225664
-8.199348
-8.006007
-7.641892
-5.840701
-9.878523
-6.900591
-7.621389
-9.572656
-8.518012
-8.071389
-8.070871
-8.292899
-8.391077
-7.700242
-8.316717
-8.604583
-7.860322
-8.812130
-8.812130
-8.812130
-8.268920
-8.812130
-8.818886
-8.766255
-8.374442
-8.524769
-8.818886
-8.077628
-8.418886
-8.693886
-8.397834
-8.818886
-8.511194
-8.818886
-9.094749
-6.945463
-7.128222
-8.041115
-7.368320
-8.462999
-8.236372
-8.063830
-8.664450
-9.731616
-7.508861
-7.736167
-7.701881
-6.907566
-7.764738
-7.280222
-7.844738
-7.895833
-9.009309
-7.487826
-8.356247
-7.675396
-7.412585
-7.996247
-7.447156
-7.628975
-7.798108
-8.801503
-9.276247
-10.105856
-8.972531
-8.185227
-6.888320
-6.469355
-8.039422
-7.899431
-9.098665
-7.677209
-5.901528
-9.454987
-7.689960
-8.402355
-6.274807
-8.074309
-6.569888
-7.311268
-8.103523
-7.112903
-7.567899
-7.390049
-6.531574
-10.175365
-7.214581
-9.251252
-10.475242
-8.578284
-7.373275
-8.575556
-7.953107
-8.167393
-7.470313
-7.542393
-10.255628
-8.298234
-7.553107
-9.798972
-7.407230
-9.598427
-7.301539
-8.378696
-8.871654
-8.352423
-7.759765
-8.664106
-8.871654
-8.242024
-7.682420
-8.540713
-9.194451
-7.456394
-7.754267
-8.271875
-7.849355
-7.480284
-7.466249
-8.463993
-7.452394
-8.045626
-7.923815
-7.443659
-7.803279
-6.918338
-7.905385
-7.892565
-7.439440
-10.931026
-11.834425
-8.216889
-8.526067
-7.058954
-9.179806
-8.493991
-8.450383
-7.918149
-7.286082
-8.994940
-8.589030
-8.252919
-7.297919
-8.690419
-7.711253
-8.202244
-8.008760
-7.377919
-7.840882
-8.377919
-8.559737
-7.960337
-7.521597
-6.903692
-9.005370
-8.450383
-7.598103
-8.056491
-8.730880
-7.566901
-7.006801
-7.389596
-8.264542
-8.306535
-7.343623
-7.330842
-7.212644
-7.865996
-7.304027
-7.797464
-7.659099
-7.707122
-8.371920
-8.325766
-6.616089
-8.536877
-7.927461
-7.245766
-7.325766
-8.139325
-7.311877
-7.399450
-7.385595
-8.276986
-8.441838
-8.055496
-7.857016
-7.079497
-7.925766
-8.871221
-7.800790
-7.307580
-8.184123
-8.339861
-8.225790
-8.850790
-7.672823
-7.609531
-7.670790
-8.670790
-7.494468
-7.512952
-8.419540
-8.350790
-8.441699
-8.109123
-8.904361
-7.535000
-8.219211
-8.410619
-7.728148
-8.466861
-8.350790
-8.406345
-8.100790
-7.609531
-7.981631
-7.372372
-7.638925
-7.910112
-10.238901
-8.863610
-8.350790
-8.166579
-8.484123
-10.014912
-8.262294
-8.350790
-8.779521
-8.125675
-9.913667
-8.247775
-8.366478
-7.848271
-8.779521
-7.990047
-8.779521
-8.779521
-7.965687
-7.685083
-8.350684
-8.145247
-7.706835
-7.461805
-8.560019
-7.443948
-7.352111
-7.876380
-8.318948
-9.092096
-8.499503
-7.363948
-8.756448
-7.666805
-8.695049
-7.443948
-7.906911
-8.751640
-8.443948
-8.395167
-8.173678
-8.516412
-7.935473
-7.854662
-9.843948
-8.125766
-8.043948
-12.075527
-8.268272
-8.268272
-8.132858
-7.469525
-8.849525
-8.549525
-7.612352
-7.369197
-7.437637
-8.822252
-5.913161
-8.445177
-8.596400
-7.230559
-9.105080
-8.966191
-8.549525
-7.253228
-9.363084
-7.571107
-9.272929
-8.928835
-7.368802
-7.436403
-8.117426
-8.040596
-7.769708
-7.849525
-7.366038
-9.314231
-8.466191
-9.882858
-9.651797
-8.009451
-7.271634
-8.136766
-8.009980
-8.199266
-7.646300
-7.583007
-8.127185
-8.013921
-8.705622
-8.324266
-7.486428
-7.980516
-7.583007
-8.190932
-8.756698
-7.535377
-8.324266
-7.214266
-8.207383
-8.324266
-7.914627
-7.641801
-7.090223
-8.211143
-7.449266
-8.310377
-7.768710
-8.955035
-9.988388
-10.473202
-8.605516
-8.862727
-7.816764
-7.391201
-7.450910
-6.889309
-8.061221
-8.630701
-8.087315
-8.402130
-8.459125
-8.847385
-8.402130
-8.621642
-8.976598
-8.118667
-7.375011
-7.175781
-8.553455
-7.877363
-8.489114
-7.411336
-7.075964
-7.609512
-7.915610
-6.203607
-8.086550
-7.724202
-8.536815
-9.078638
-8.752332
-8.168281
-9.745781
-8.712923
-8.171570
-7.855781
-10.406801
-7.614114
-8.347754
-8.831360
-8.778729
-8.076644
-7.998027
-8.386916
-8.090620
-8.410308
-7.719472
-8.831360
-8.831360
-6.844181
-10.161717
-9.028392
-8.423128
-8.241088
-8.377514
-7.221540
-9.257514
-9.452877
-8.297011
-6.419939
-8.434542
-8.044181
-9.102922
-9.510848
-6.844181
-7.659970
-9.289436
-8.445876
-7.780312
-7.974756
-8.280312
-8.743275
-8.280312
-8.643948
-8.280312
-8.391423
-8.899359
-9.357235
-7.724756
-8.280312
-8.602345
-8.280312
-8.280312
-6.942130
-7.666268
-9.833558
-8.761802
-10.200871
-7.359272
-8.196389
-8.174806
-8.265715
-8.660520
-8.254806
-8.667559
-7.322954
-7.994083
-8.223586
-7.174806
-9.627636
-8.691199
-8.091472
-7.379695
-7.954287
-8.138810
-7.302199
-7.683599
-8.263884
-8.495463
-7.636598
-6.352606
-8.178072
-8.161421
-8.112444
-8.417046
-8.286892
-7.888217
-8.153796
-7.863717
-9.026304
-6.829425
-7.395463
-6.963364
-8.508671
-8.839908
-8.579674
-9.077281
-8.616107
-7.291647
-8.020571
-8.236496
-8.385952
-7.731764
-8.334857
-7.408541
-7.425766
-6.787687
-8.201524
-8.093190
-8.251524
-7.925218
-7.519068
-7.617685
-7.622993
-8.070151
-10.222969
-7.921323
-8.847678
-8.965626
-7.624712
-10.154529
-8.616107
-8.186893
-7.799972
-5.936377
-8.181309
-7.194132
-7.933087
-7.037012
-8.092627
-8.220575
-9.367924
-7.718574
-7.265270
-5.854140
-7.507210
-6.953696
-8.644529
-8.565390
-7.038732
-8.034591
-7.283760
-6.908877
-6.763428
-6.670164
-6.863428
-8.296762
-9.372124
-7.257256
-6.602138
-9.483428
-7.874540
-9.004563
-8.216259
-7.684481
-7.963428
-7.832056
-7.197391
-6.707873
-7.652317
-7.127065
-7.340352
-7.579218
-8.741689
-7.959585
-8.477281
-7.189581
-8.346558
-8.674773
-7.351801
-7.107963
-7.733480
-6.789290
-8.612999
-7.914264
-7.631209
-7.710741
-8.499630
-8.158721
-7.499630
-8.499630
-8.499630
-8.099630
-9.039860
-8.944885
-8.389630
-11.088671
-10.318779
-8.719142
-9.074098
-7.563460
-7.912592
-8.405158
-7.773363
-7.906216
-6.970732
-8.470732
-7.533232
-7.915176
-7.072427
-8.470732
-6.670732
-7.745732
-6.595732
-7.427522
-9.675551
-7.792766
-8.516886
-7.659921
-9.033232
-9.312837
-10.676614
-8.010962
-8.470732
-7.101501
-7.773363
-8.356446
-7.382236
-6.983552
-7.459803
-8.378895
-8.046819
-8.137399
-9.009193
-10.049679
-6.870732
-8.102311
-7.681843
-8.516886
-7.659921
-9.324899
-7.989719
-8.470732
-7.152550
-8.470732
-8.347844
-7.607103
-6.657675
-7.996936
-7.037343
-7.714266
-8.475540
-8.406574
-8.406574
-8.480258
-8.912069
-7.411650
-7.326574
-8.014417
-8.406574
-8.073241
-7.851019
-7.803481
-6.531574
-7.353943
-8.288927
-7.617685
-7.844074
-8.452728
-10.189707
-9.276139
-8.406574
-7.503250
-8.189214
-9.149184
-7.126327
-8.323234
-7.742117
-7.742841
-7.704105
-6.854899
-7.926327
-7.110538
-6.837218
-8.177429
-6.926327
-8.017236
-8.726327
-7.459661
-6.985151
-6.994955
-7.926327
-8.347380
-6.726327
-7.926327
-8.323234
-9.325247
-7.589670
-8.097084
-8.409654
-8.409654
-9.137747
-8.649111
-8.012747
-6.217566
-7.714046
-7.829261
-8.643588
-8.112747
-6.941318
-7.551209
-8.729728
-8.012747
-8.012747
-9.272006
-7.081374
-9.212747
-10.287747
-8.012747
-9.462747
-8.300883
-8.056574
-8.667685
-8.915049
-8.424630
-8.305678
-7.357413
-7.522844
-8.112130
-6.894738
-7.342899
-7.370871
-9.767302
-7.739581
-7.538320
-7.758531
-8.674573
-8.763082
-10.005800
-7.690802
-8.286748
-8.871654
-7.940404
-9.422674
-7.804346
-8.871654
-8.871654
-9.326199
-7.679545
-9.085488
-8.049545
-9.694783
-8.078711
-7.085360
-7.317306
-8.849545
-9.791985
-8.323206
-7.711467
-8.476738
-8.897052
-6.930333
-9.285079
-7.496981
-7.154323
-11.134136
-8.425905
-6.383681
-6.344273
-8.567130
-5.976491
-7.101165
-8.117971
-8.153796
-8.902224
-9.388769
-7.750016
-8.215976
-8.352452
-8.636960
-8.245190
-7.383969
-7.464091
-8.409831
-7.939323
-8.359638
-8.939908
-9.860375
-10.174950
-8.482043
-7.993347
-8.063554
-7.481883
-8.087593
-7.294323
-7.587920
-8.249231
-7.530169
-7.766227
-8.932500
-6.044080
-8.514164
-8.525093
-7.445093
-7.558426
-8.334617
-8.142114
-8.041486
-7.582088
-8.906536
-7.598777
-9.628541
-7.969537
-8.325093
-8.525093
-9.525093
-9.597556
-8.014454
-7.783834
-7.783834
-7.348616
-7.395463
-7.348616
-6.400591
-8.184164
-8.271221
-7.883712
-7.862130
-8.493709
-10.662130
-8.209956
-7.862130
-8.150265
-7.711480
-7.805076
-7.242280
-8.660504
-8.068111
-8.203738
-8.286156
-8.489163
-9.991731
-8.635362
-8.857584
-9.408605
-8.857584
-9.472969
-9.312130
-8.151415
-8.676685
-7.661777
-8.204987
-7.824034
-8.111723
-8.494642
-8.667950
-8.724987
-9.261982
-7.812830
-8.253180
-8.079987
-8.316098
-8.824034
-7.507618
-7.649431
-9.477714
-7.681177
-7.194058
-8.040808
-8.204987
-8.289424
-7.235062
-8.935071
-7.572966
-7.732606
-8.904433
-7.410754
-7.091788
-9.867275
-7.834996
-7.598254
-8.410754
-8.483217
-7.882452
-8.285754
-8.410754
-8.410754
-6.701076
-8.670013
-8.285754
-8.012448
-7.304371
-8.410754
-8.479719
-8.188531
-8.592572
-8.304871
-7.641523
-8.343446
-8.774390
-7.461848
-7.821468
-8.985222
-8.594964
-8.495091
-8.235078
-8.401415
-7.972844
-8.282859
-8.401415
-8.121599
-9.488372
-8.901415
-8.222417
-8.308883
-8.380312
-8.192812
-8.466778
-7.131413
-7.791816
-7.931406
-8.224292
-8.572777
-7.724292
-7.724292
-7.325987
-9.108907
-9.292193
-9.031984
-9.557625
-7.710403
-7.947149
-7.746257
-8.004132
-9.776936
-7.717333
-7.329292
-6.753296
-9.147420
-8.669633
-7.884198
-6.624179
-8.879590
-7.207911
-8.765130
-9.684785
-8.260542
-9.080215
-9.077056
-8.465362
-7.641898
-8.260542
-8.012331
-8.071661
-8.452952
-8.325736
-7.725531
-7.177832
-8.268741
-7.814196
-7.509876
-6.761495
-7.257812
-7.731704
-8.031899
-7.774236
-9.162859
-10.610847
-7.558596
-8.430903
-7.143741
-8.679456
-10.215170
-10.176905
-7.611334
-9.041019
-8.268741
-7.747844
-8.737992
-7.747844
-7.159804
-8.900146
-8.353039
-7.713231
-6.564402
-8.542130
-8.521959
-8.483712
-7.531897
-7.046122
-7.025170
-7.826570
-6.624136
-7.804987
-7.624264
-7.640808
-7.138320
-7.452046
-9.856082
-8.688104
-7.804987
-7.273241
-10.356007
-5.762130
-7.159125
-8.768796
-8.102130
-8.107206
-8.661452
-6.921802
-7.796574
-7.911654
-7.595957
-7.595957
-7.894583
-8.689086
-7.499037
-6.971695
-7.477130
-8.102130
-7.483573
-8.018796
-8.324987
-10.193039
-8.066892
-7.290553
-8.900225
-7.053230
-7.180927
-7.928003
-8.492300
-8.857214
-9.120436
-7.816892
-7.705256
-8.740601
-8.678003
-8.873558
-7.344669
-7.557088
-10.233558
-8.566892
-8.707243
-10.552707
-10.324467
-8.519273
-7.310481
-8.251371
-7.115891
-8.550928
-7.321735
-7.434857
-7.911047
-8.481011
-7.343020
-8.058513
-7.796559
-8.490413
-8.036552
-7.434857
-8.434857
-7.420968
-8.434857
-8.550928
-7.624046
-7.665626
-8.207134
-8.087918
-8.798493
-7.485952
-6.960630
-8.613428
-8.116675
-8.619068
-7.655040
-10.503484
-10.973319
-8.507321
-8.259181
-8.259181
-8.857002
-8.659921
-9.349539
-8.116261
-8.857002
-8.146657
-8.705486
-8.857002
-9.132864
-8.857002
-8.160110
-7.036733
-8.179590
-8.935485
-8.337975
-8.751019
-8.311019
-8.751019
-8.040674
-7.637896
-8.251019
-9.008680
-7.820981
-7.409586
-8.512932
-7.929240
-8.333081
-9.100294
-8.546545
-7.486700
-8.399929
-9.440504
-8.680474
-8.100294
-8.508433
-8.140377
-7.200520
-6.360055
-10.563857
-7.695933
-7.124504
-7.347095
-8.495933
-7.297627
-6.425662
-8.497819
-7.195933
-7.279266
-7.628625
-9.137793
-8.284974
-7.918790
-10.222624
-7.252861
-6.529737
-8.063372
-7.349898
-7.546978
-9.046978
-6.568561
-6.491423
-7.828228
-7.421978
-10.135214
-7.757505
-5.649251
-8.758089
-9.678557
-7.286816
-8.984995
-10.435090
-8.300225
-7.751915
-8.432037
-8.521146
-8.766429
-8.521146
-8.007633
-5.884782
-9.076702
-8.705612
-7.224850
-7.452181
-8.521146
-8.521146
-7.465591
-9.815264
-8.089047
-8.155292
-8.612055
-7.056030
-7.741330
-7.260984
-8.490843
-7.810801
-8.521146
-8.330670
-9.037540
-8.157510
-7.261980
-8.350242
-8.141344
-8.077514
-7.880434
-7.708355
-6.952514
-8.328616
-7.577514
-6.771959
-7.887038
-9.419620
-7.859333
-7.149978
-7.288041
-7.921264
-7.960631
-8.506086
-7.994181
-8.956825
-8.262863
-8.691408
-8.864715
-8.526752
-8.765389
-8.025408
-8.141590
-8.449945
-8.893278
-8.245502
-9.020800
-7.846197
-8.606572
-9.674480
-7.877943
-8.723786
-8.978675
-8.401752
-6.928571
-7.753571
-8.148499
-8.057116
-9.352056
-8.939469
-7.708699
-9.027381
-7.170238
-8.261147
-10.459893
-9.588420
-7.202028
-8.206248
-7.565867
-8.160229
-7.565867
-8.246062
-6.937762
-7.844808
-8.732076
-8.155153
-7.413894
-8.544042
-7.456069
-8.789402
-8.680831
-8.789402
-8.233847
-8.789402
-9.340423
-9.404787
-8.789402
-8.789402
-8.281940
-6.810449
-8.202280
-6.712109
-6.905373
-6.486407
-9.593252
-9.249817
-7.916484
-9.046508
-8.258203
-7.959219
-7.469495
-7.726426
-7.695373
-8.499817
-9.064114
-7.239335
-8.625045
-7.920758
-7.930373
-7.694262
-7.436142
-6.930373
-9.250628
-7.670147
-6.023169
-8.316402
-8.270788
-7.337454
-8.978589
-8.190285
-7.080047
-8.158507
-6.438753
-8.431899
-8.557127
-7.880312
-9.194245
-6.737454
-6.862454
-7.639094
-7.471267
-7.591621
-8.339149
-8.800225
-8.800225
-8.800225
-8.215319
-7.915610
-8.800225
-7.693082
-8.800225
-9.351245
-8.800225
-8.800225
-8.800225
-9.254770
-8.409996
-9.060262
-7.971221
-7.894298
-6.328363
-8.221221
-7.471221
-6.396506
-7.273616
-6.590143
-7.693870
-7.800670
-7.274354
-7.214203
-7.889350
-8.365160
-7.996001
-7.585344
-9.118407
-6.765160
-8.523055
-9.576271
-8.370236
-9.615160
-8.365160
-7.445160
-6.858987
-8.803177
-8.267103
-7.979313
-7.830952
-8.632205
-9.663745
-9.127763
-8.432725
-7.351859
-8.464690
-7.798972
-8.621938
-9.137090
-7.377919
-8.011143
-8.302528
-9.046703
-9.060693
-9.475923
-8.566128
-7.886912
-7.935693
-7.935693
-8.051764
-8.186794
-8.491249
-7.935693
-8.602360
-7.935693
-8.304114
-6.735693
-6.380137
-8.332600
-8.223829
-9.110207
-7.438037
-8.069544
-9.098414
-7.936426
-8.941997
-7.470921
-8.430462
-7.985207
-7.800996
-6.190026
-7.686505
-8.702188
-8.458891
-7.398540
-7.169417
-8.236308
-8.076116
-7.905207
-9.107656
-9.047707
-7.419169
-7.044030
-8.366563
-6.785207
-7.523241
-8.268920
-7.203558
-8.312130
-9.256574
-8.223634
-8.312130
-8.169273
-8.412736
-8.119546
-8.200944
-7.962349
-8.773505
-7.370033
-8.069849
-8.733182
-7.380618
-6.951736
-7.084514
-7.362610
-6.631259
-7.163380
-6.862248
-7.864962
-8.426713
-7.763380
-8.084514
-7.063563
-7.467036
-7.903209
-8.131515
-8.074149
-8.133702
-9.066237
-8.429846
-7.490439
-8.700523
-8.726497
-11.185485
-7.843380
-8.458955
-8.173241
-8.142938
-8.066858
-7.899047
-7.396098
-8.230236
-7.913078
-8.973241
-8.804082
-7.515833
-8.610741
-8.485741
-8.477365
-8.001713
-8.218380
-8.491107
-9.125115
-8.218380
-8.218380
-6.912824
-8.615287
-8.704094
-9.042704
-7.958217
-8.976713
-7.508035
-7.366528
-8.037657
-8.267160
-7.218380
-8.302717
-9.138380
-10.463663
-11.429491
-7.709451
-7.109979
-7.780490
-8.267752
-9.607349
-7.794264
-6.850075
-7.546010
-8.483182
-8.389918
-7.667393
-8.378835
-7.534277
-8.530057
-8.483182
-8.403182
-7.212912
-7.504765
-7.826932
-8.483182
-7.483182
-8.098567
-7.777300
-7.370060
-8.051084
-9.136244
-6.718476
-7.734284
-8.117329
-7.377300
-7.703366
-7.223020
-7.706040
-7.896516
-8.452879
-7.783182
-7.299696
-7.954880
-8.999576
-9.247888
-7.764432
-8.399849
-9.585455
-8.362493
-9.753222
-7.494601
-6.524194
-9.990647
-6.818656
-7.056177
-6.741142
-6.746218
-6.850731
-9.154475
-8.371983
-7.341142
-8.162195
-6.632051
-7.883999
-5.854350
-9.197932
-9.407809
-6.741142
-7.318065
-7.642781
-9.186398
-7.688510
-8.361499
-8.259804
-8.041054
-7.634804
-10.348039
-7.970330
-8.390645
-9.197821
-10.647916
-8.776415
-8.122569
-7.595564
-8.960881
-8.776415
-8.268953
-8.048972
-7.667393
-10.106664
-9.058231
-7.195879
-8.084686
-9.303559
-6.878972
-8.524778
-8.021829
-7.285458
-8.568203
-7.463094
-6.912179
-7.798972
-8.040107
-7.988161
-7.718972
-7.623296
-6.586851
-7.061858
-8.261935
-6.867599
-8.816829
-7.947908
-7.798972
-8.337433
-6.710476
-10.088627
-7.777233
-9.169342
-6.528702
-8.820555
-7.921421
-7.847752
-7.243416
-7.617793
-7.636567
-8.184853
-7.909507
-7.798824
-7.313923
-8.469432
-7.465491
-6.692597
-6.718238
-7.259777
-8.054777
-8.671302
-8.590491
-8.497312
-7.482408
-8.179777
-9.452504
-7.655967
-8.033943
-7.959585
-7.049194
-8.019601
-8.439141
-8.410848
-7.351801
-8.215463
-8.239908
-7.733480
-8.295463
-7.598649
-8.339908
-8.359011
-7.576430
-8.280634
-8.421565
-8.842618
-8.396189
-8.842618
-8.842618
-8.299408
-8.741168
-8.637887
-8.599747
-8.400514
-7.798174
-8.773605
-9.070104
-8.686838
-8.368991
-8.044586
-8.877919
-8.583802
-8.088446
-8.877919
-8.877919
-8.477919
-8.726404
-9.153781
-8.877919
-8.862130
-8.862130
-8.809498
-8.353201
-8.028796
-9.354667
-8.121389
-8.737130
-8.862130
-8.086921
-9.113890
-7.065169
-7.044218
-8.521709
-7.113890
-7.845617
-8.407368
-9.106863
-8.141570
-7.824034
-7.643312
-7.112170
-7.509220
-8.720586
-8.730770
-8.136534
-8.167784
-8.410501
-8.911754
-7.471093
-8.967713
-9.872815
-8.432480
-7.864182
-8.429752
-8.037983
-8.123284
-7.176762
-8.572684
-7.521589
-6.543172
-6.466034
-7.584416
-8.441589
-7.261427
-8.959606
-8.274836
-6.106482
-8.146730
-8.487234
-7.661284
-9.078330
-7.348714
-7.768964
-7.683732
-7.083654
-7.252749
-7.320715
-8.245146
-7.846795
-7.920627
-5.802838
-9.708821
-8.928499
-7.333127
-8.403266
-10.047509
-8.764377
-8.895218
-8.612203
-5.720899
-10.793789
-10.597710
-10.554232
-7.628013
-10.648992
-8.333342
-7.264377
-6.750863
-7.814266
-8.671709
-7.501401
-6.821042
-7.623553
-7.869822
-7.565499
-7.790141
-7.493742
-8.118514
-7.936957
-7.674070
-7.325233
-7.955320
-8.474070
-7.674070
-7.679146
-9.567687
-9.241971
-7.606762
-7.660181
-8.758407
-8.020224
-7.896927
-6.712797
-7.457306
-9.165098
-8.383458
-8.591828
-8.744379
-7.345048
-7.934579
-8.865596
-7.294469
-8.131007
-7.665098
-7.098113
-9.073543
-8.058639
-7.756007
-8.525238
-8.575156
-7.631007
-7.940218
-8.818835
-8.861270
-8.096007
-7.599757
-10.002583
-7.756007
-7.967118
-8.093705
-6.975337
-8.438224
-7.933671
-8.145034
-7.617198
-8.066766
-8.226432
-7.987837
-8.498867
-7.915175
-8.975337
-8.385864
-8.666409
-8.694325
-7.421904
-7.649210
-7.614925
-7.702226
-8.257782
-6.709001
-7.968308
-8.182024
-7.808877
-7.026539
-7.465608
-7.901311
-8.098295
-7.700694
-8.206867
-8.176564
-8.846867
-7.816623
-8.815114
-8.675121
-8.206867
-9.067978
-8.123533
-8.680551
-8.073533
-10.297776
-7.283790
-8.514133
-7.433418
-7.877096
-7.543762
-8.461298
-8.113459
-7.100553
-7.902096
-8.303537
-7.771256
-8.189466
-8.365561
-8.004121
-7.758911
-7.402185
-7.573207
-7.859921
-8.314466
-8.072800
-8.795235
-8.182887
-7.691825
-7.933514
-7.711373
-8.430538
-8.064466
-7.597294
-8.201344
-7.945307
-7.555601
-7.602602
-8.300577
-8.945235
-7.852928
-9.261835
-9.978588
-7.840122
-8.704987
-8.258558
-7.963728
-7.963728
-7.963728
-7.761982
-7.963728
-8.704987
-7.182796
-7.988033
-9.217409
-6.563274
-9.856415
-8.723784
-8.960626
-8.194597
-11.511710
-6.751478
-8.232704
-5.982188
-7.239943
-9.025457
-8.885597
-8.102380
-8.638438
-7.311081
-6.896961
-7.553021
-7.703779
-7.851683
-8.035823
-8.690340
-8.137280
-8.044688
-6.978361
-7.374207
-8.135447
-8.228030
-7.359352
-7.315121
-8.084352
-8.084352
-7.241593
-7.622993
-7.575992
-6.292000
-7.654857
-7.925218
-8.965698
-7.084857
-9.339933
-6.966436
-7.334857
-8.519068
-7.767289
-7.749951
-8.401524
-7.953905
-9.342433
-8.136691
-7.923241
-6.889687
-7.898796
-8.189323
-7.978796
-8.403039
-8.270463
-8.667370
-8.386534
-9.543190
-7.715719
-8.270463
-7.190463
-9.089612
-8.846550
-7.901304
-9.082963
-9.405598
-7.407515
-7.493709
-7.914761
-7.806190
-9.076923
-7.343333
-6.965856
-9.810413
-6.960915
-8.328095
-8.983511
-9.276463
-7.914761
-7.538417
-6.390952
-7.914761
-10.278398
-7.756935
-8.258558
-6.494903
-9.571982
-8.764511
-9.251019
-10.355957
-7.686454
-10.112130
-8.851603
-8.367997
-8.096886
-7.585416
-8.141259
-8.451603
-8.332373
-7.739715
-8.356191
-8.851603
-8.405175
-8.296859
-8.166785
-7.629420
-7.472272
-8.654047
-6.699332
-7.443841
-9.032197
-8.555042
-7.630654
-7.693762
-8.030678
-7.921114
-8.117542
-8.086292
-7.651633
-8.310443
-7.401633
-7.789417
-7.965399
-8.983677
-7.956828
-8.806372
-8.082542
-8.689911
-8.186987
-6.930042
-9.989117
-8.206460
-9.706460
-7.096460
-8.093337
-8.206460
-7.496315
-8.469346
-8.350138
-7.638892
-7.388278
-8.269287
-8.429317
-8.089577
-7.147636
-9.316049
-8.297369
-8.204987
-8.150042
-7.044273
-7.794273
-8.294273
-8.155384
-7.913320
-8.583928
-8.182384
-8.691180
-7.925114
-8.294273
-8.505384
-8.138023
-8.767957
-7.738717
-8.294273
-9.567000
-6.985207
-10.692028
-7.965918
-9.480312
-8.207584
-9.026733
-7.474251
-6.700591
-8.131827
-8.162130
-9.167206
-7.583182
-9.986454
-8.669172
-8.981279
-8.162130
-8.162130
-8.162130
-8.002281
-8.897009
-8.243948
-8.233019
-9.300943
-6.977761
-8.565982
-8.087698
-10.068272
-8.243948
-8.243948
-7.794968
-8.378094
-10.410615
-9.466805
-6.717632
-9.379083
-9.133948
-8.389334
-8.083467
-8.872941
-8.132200
-7.606753
-8.472941
-8.451888
-8.451888
-7.761052
-8.872941
-7.921133
-8.872941
-8.318196
-8.872941
-7.772086
-8.073650
-8.398939
-7.689949
-8.317541
-8.309299
-8.028754
-8.076969
-7.552040
-8.397175
-8.610680
-8.818227
-7.866420
-8.510535
-8.818227
-8.802130
-7.968796
-8.802130
-8.819987
-7.955976
-8.802130
-7.910042
-7.580229
-9.543536
-9.116514
-8.633741
-8.448562
-8.103306
-8.360449
-7.479497
-7.819820
-7.003306
-9.125755
-8.558862
-7.437268
-8.003306
-8.424359
-8.003306
-8.003306
-8.590395
-6.065833
-7.748290
-6.046535
-9.703558
-8.631802
-6.647951
-7.993948
-8.899849
-7.097844
-6.607151
-8.516947
-8.119273
-7.819273
-7.573004
-7.879102
-6.167099
-8.109595
-8.726008
-7.704987
-9.709273
-9.187694
-7.941722
-7.577606
-8.103226
-6.978226
-8.103226
-6.797670
-8.607813
-8.183226
-7.089337
-7.885044
-7.734805
-8.152006
-7.103226
-8.733995
-9.053821
-8.125972
-7.416362
-8.817877
-7.915578
-9.760317
-8.291538
-8.865385
-8.725615
-8.440508
-7.947550
-7.819818
-7.257022
-7.690508
-7.840508
-7.782613
-8.520508
-9.598403
-9.505725
-8.779124
-6.964638
-7.863281
-7.465448
-9.106146
-7.786699
-6.833869
-7.338945
-7.433869
-7.253869
-6.893869
-7.850262
-7.767831
-7.778313
-6.935564
-7.653018
-7.730776
-7.281237
-7.290659
-7.852856
-8.333869
-7.015687
-8.333869
-8.538070
-7.776820
-6.569320
-8.438638
-8.000410
-7.747891
-8.441031
-7.165911
-7.018725
-7.913070
-7.719783
-7.006820
-9.150938
-8.359093
-7.538871
-7.996657
-8.191246
-7.400498
-9.681062
-6.567165
-8.034598
-7.546475
-8.010067
-8.256820
-7.840153
-7.235081
-8.795282
-8.302974
-9.341157
-9.076492
-8.461639
-9.547143
-8.058707
-7.720666
-8.063259
-7.311575
-7.523586
-8.771761
-7.720666
-10.308902
-8.401701
-9.852245
-9.384788
-7.720666
-8.285786
-7.947844
-7.662130
-7.943380
-10.250365
-7.662130
-10.108284
-8.439977
-6.640126
-7.392662
-8.708463
-9.157368
-6.678951
-10.245603
-6.524034
-8.577368
-7.397205
-8.127295
-7.902857
-7.909069
-7.953025
-9.246731
-8.120468
-7.886420
-7.468481
-7.745803
-7.292185
-8.485788
-8.343134
-7.928549
-8.776415
-8.776415
-8.776415
-8.579335
-9.268953
-7.986942
-7.510228
-8.066071
-7.510228
-8.257185
-7.824608
-8.776415
-8.776415
-8.776415
-8.674966
-8.180648
-8.298383
-8.442831
-8.267740
-7.569147
-7.963717
-7.984825
-7.736598
-7.830714
-8.510836
-8.599945
-8.599945
-8.105439
-7.488057
-7.996852
-6.974945
-7.491373
-7.753791
-7.784155
-7.743623
-8.495597
-7.280979
-8.599945
-9.413504
-8.599945
-8.979255
-7.599945
-9.042253
-9.894063
-8.234091
-8.668695
-8.024187
-8.013278
-7.919094
-9.353676
-9.364651
-9.810471
-9.015039
-10.223601
-6.486336
-7.170022
-7.582480
-7.476242
-7.944170
-7.479712
-8.784172
-7.148396
-7.006884
-6.805458
-9.875072
-7.516342
-7.120152
-9.792947
-7.697295
-8.966045
-10.045443
-7.897295
-9.980628
-7.108406
-7.897295
-7.679113
-8.358757
-8.034352
-8.423241
-8.573568
-8.305702
-8.467685
-8.742685
-8.372272
-8.660138
-8.867685
-8.421257
-8.559993
-8.867685
-8.704987
-8.111723
-8.321058
-8.204987
-10.029311
-8.467873
-7.795348
-7.696512
-7.813234
-7.295896
-7.586430
-9.024136
-8.204987
-8.781074
-8.204987
-7.835828
-8.204987
-9.017487
-9.512679
-6.770463
-6.677199
-9.661892
-7.775539
-8.021564
-7.056177
-8.364237
-8.403400
-7.581657
-8.285861
-8.426791
-8.426791
-8.540152
-9.123706
-8.304634
-7.796544
-7.059549
-8.039549
-7.371128
-9.022377
-7.980684
-7.739549
-7.739549
-7.363205
-7.739549
-6.353584
-7.717810
-7.371128
-7.970318
-9.173511
-7.625263
-9.226729
-7.072882
-7.739549
-9.629549
-9.788330
-8.622666
-8.633667
-7.972334
-7.859502
-7.641306
-7.639273
-7.392957
-8.700629
-7.901690
-8.410182
-8.253699
-7.975523
-8.388023
-8.319273
-8.319273
-8.319273
-8.101091
-7.862130
-7.542130
-8.435344
-8.069273
-7.878595
-8.054567
-7.733907
-7.763717
-8.135062
-8.452606
-10.468209
-10.138945
-8.857734
-7.774773
-7.527042
-8.119601
-8.395463
-7.446558
-8.302199
-9.173241
-8.434037
-8.729914
-8.482550
-8.365011
-8.526995
-8.505942
-8.926995
-8.478015
-8.926995
-8.297365
-8.926995
-8.372250
-8.926995
-8.239650
-9.516994
-8.061101
-7.976764
-7.976764
-8.373671
-7.236764
-7.433554
-8.333907
-7.176764
-7.361379
-7.160974
-7.976764
-7.976764
-7.896764
-7.032319
-9.039264
-8.532319
-7.976764
-7.510097
-9.176764
-10.251764
-8.035062
-7.161133
-7.338320
-8.019273
-8.004987
-9.128363
-8.707645
-7.061378
-7.308314
-8.063023
-7.766148
-8.094273
-9.737130
-7.594273
-6.538945
-8.061865
-8.782100
-8.824536
-8.719273
-8.378696
-9.364191
-8.082180
-8.130913
-7.605466
-8.161309
-8.664106
-8.242024
-9.456773
-7.491058
-8.913164
-8.157524
-8.147145
-7.967966
-7.833945
-6.946058
-8.324305
-5.934695
-8.754732
-8.466710
-8.039312
-8.021058
-8.571058
-8.491058
-8.987725
-8.571058
-7.571058
-8.941429
-8.202637
-9.013366
-8.186443
-7.865176
-8.138960
-8.661967
-7.959947
-7.791242
-7.995301
-7.984392
-7.890207
-8.551828
-8.461967
-9.147981
-10.354191
-7.687130
-9.957422
-8.518427
-8.131983
-7.312457
-7.754217
-8.295784
-7.085451
-7.668985
-6.691490
-7.935344
-7.374630
-6.824098
-9.694074
-8.913752
-8.206420
-8.768617
-8.388519
-8.015587
-10.868677
-10.779041
-7.878201
-10.539485
-8.762450
-7.613266
-6.200849
-7.249630
-7.340539
-8.384079
-8.374728
-8.867685
-8.573568
-8.867685
-8.305702
-8.660138
-8.421257
-8.867685
-8.716170
-8.867685
-8.867685
-9.143547
-8.812130
-8.547324
-7.854690
-7.908660
-8.566555
-7.825814
-7.637983
-7.943913
-8.484922
-8.973962
-7.682626
-8.154790
-7.825296
-8.825296
-7.475645
-7.477446
-8.465105
-8.324888
-8.728717
-8.251740
-9.460172
-8.452269
-8.310144
-9.368441
-8.454666
-9.639018
-11.105016
-7.825296
-8.186907
-7.058285
-6.117054
-8.161697
-6.194554
-6.879022
-8.326137
-8.285323
-7.960804
-10.438700
-8.823541
-9.384554
-8.626588
-8.367054
-8.364383
-7.304554
-8.070511
-7.304554
-10.637887
-7.933125
-8.817374
-10.689169
-8.896644
-8.758573
-7.074288
-7.064146
-9.134510
-7.156378
-7.325633
-7.309628
-6.210557
-8.195557
-8.301326
-7.902974
-5.859018
-8.222196
-10.454703
-9.024260
-8.984679
-8.839544
-8.172409
-8.765001
-9.181668
-5.891985
-8.383057
-8.640557
-8.086514
-7.540069
-8.520557
-10.849968
-8.833377
-7.800557
-10.705172
-8.389522
-7.528184
-7.282159
-6.167083
-7.277083
-7.277083
-8.298666
-8.980787
-8.796070
-7.624909
-9.357083
-8.777083
-8.477083
-10.610416
-7.367992
-6.786973
-7.736394
-7.456673
-7.748953
-7.456673
-8.089361
-7.691759
-7.572932
-8.197932
-8.176193
-10.197932
-8.540525
-10.149152
-9.716920
-8.589472
-6.731026
-8.192565
-8.181636
-8.455451
-7.782926
-7.692565
-8.326711
-7.574008
-9.415422
-9.144945
-7.535157
-8.192565
-9.082565
-9.500257
-8.783060
-7.362007
-8.434223
-8.783060
-8.783060
-8.402108
-7.936906
-8.783060
-8.783060
-8.783060
-8.246023
-7.724236
-8.218544
-7.859743
-8.021195
-7.075950
-8.423369
-8.085108
-8.445108
-7.536018
-8.445108
-8.445108
-8.079255
-8.971424
-7.513736
-8.422886
-10.264257
-9.365108
-8.990563
-6.641077
-9.623836
-6.547813
-6.248920
-8.926791
-7.399410
-7.646153
-6.394808
-7.822895
-9.899818
-6.689270
-8.443082
-1.143933
-8.029548
-8.494177
-8.443082
-9.494177
-7.559154
-7.684217
-8.717168
-9.166813
-7.798564
-8.669657
-8.578748
-9.669657
-7.238622
-8.169657
-8.800426
-7.487192
-8.531359
-8.452485
-7.686050
-7.799286
-8.055371
-8.169657
-8.048967
-8.169657
-8.147917
-6.934362
-7.071296
-7.737558
-8.260566
-8.177919
-7.495571
-6.668190
-9.156286
-6.901371
-6.611173
-9.740029
-7.712308
-8.473746
-7.971735
-8.122656
-8.912130
-7.645943
-7.645943
-7.800242
-8.704583
-9.187992
-8.912130
-8.357385
-8.912130
-8.304714
-7.664333
-8.258695
-8.447167
-8.344528
-8.830542
-8.253619
-8.537130
-7.839761
-7.668709
-7.923493
-7.975146
-8.537130
-8.272424
-7.608558
-7.542206
-8.788231
-8.628039
-8.190191
-9.879722
-9.659579
-8.537130
-7.062130
-6.292015
-7.833480
-6.306967
-7.895463
-6.252606
-5.884825
-9.297102
-7.915463
-7.804352
-8.617685
-6.596852
-8.466170
-7.495463
-8.027942
-8.087272
-7.775423
-7.647988
-7.985651
-9.171230
-8.693443
-8.903400
-7.572488
-7.617685
-7.046257
-7.970066
-7.846852
-8.053583
-8.788939
-7.547239
-7.951019
-8.760542
-8.386625
-8.218778
-8.177969
-6.784352
-7.344181
-9.708594
-7.507209
-10.230781
-9.368689
-8.173241
-9.104024
-10.473541
-8.489171
-9.364352
-9.056629
-8.607531
-7.283071
-8.011995
-7.648315
-7.585022
-7.723188
-8.015936
-7.417190
-7.414000
-7.488443
-7.831775
-7.567660
-7.818818
-8.589167
-8.758713
-7.537392
-8.745636
-8.326281
-8.807050
-7.267457
-7.510491
-7.945328
-8.442352
-8.381836
-8.056010
-7.912747
-8.701281
-8.142070
-9.273649
-7.616136
-7.656851
-8.200061
-8.106797
-7.485775
-7.280061
-8.200061
-8.043811
-8.262888
-9.276984
-8.200061
-8.035882
-8.776984
-8.200061
-6.875115
-8.553922
-7.146102
-8.039921
-7.776247
-8.097382
-7.947156
-7.856247
-7.834508
-7.144383
-9.391131
-8.762983
-8.442714
-8.999926
-9.224668
-9.905028
-7.856247
-7.372416
-8.200902
-8.476764
-8.476764
-8.567673
-8.320514
-7.831853
-8.017721
-8.208197
-7.890015
-7.277163
-7.098197
-7.413016
-8.838966
-8.491025
-9.449332
-7.281881
-7.724591
-8.271024
-8.208197
-7.961928
-8.288197
-7.565340
-8.087507
-9.951787
-8.645697
-9.128197
-7.748427
-9.408197
-8.149212
-6.861980
-10.621959
-7.957156
-7.823627
-8.603089
-7.262963
-7.150788
-8.638442
-8.456884
-8.476826
-8.475248
-7.811019
-8.747569
-7.608632
-8.193998
-8.273998
-8.073308
-9.937588
-8.250993
-8.172259
-6.958704
-9.571356
-7.135174
-8.284907
-6.157782
-7.570282
-8.249307
-8.091115
-9.900639
-8.110258
-8.129632
-9.197556
-8.403448
-8.140561
-7.640561
-7.325027
-7.727518
-8.140561
-7.704926
-9.216958
-8.353846
-8.022914
-7.677958
-8.395840
-8.415071
-8.531142
-7.420147
-7.796427
-7.891261
-8.415071
-7.323234
-8.626182
-8.674330
-7.748404
-8.404142
-9.725416
-8.757663
-8.045912
-7.488755
-7.878034
-8.192849
-8.596889
-8.531142
-7.790071
-8.144801
-7.238600
-8.934058
-7.466166
-6.619890
-8.001537
-7.915071
-8.487535
-8.634583
-10.953532
-8.487535
-8.239395
-8.239395
-7.586283
-9.147035
-7.350225
-7.821339
-8.391302
-6.635471
-8.993297
-8.400704
-7.265149
-8.224459
-7.238766
-7.568006
-8.414114
-7.418833
-7.345149
-7.808112
-8.345149
-8.652841
-8.239266
-7.575918
-8.074878
-8.708785
-8.095149
-7.396243
-8.417612
-7.755863
-7.931615
-7.845149
-7.392024
-8.890603
-7.913050
-8.169473
-9.949650
-9.858320
-7.862544
-6.802713
-7.580927
-9.023230
-7.057801
-9.054611
-8.217993
-7.031360
-7.244694
-7.571198
-8.081360
-7.482523
-7.831360
-7.887699
-8.054218
-7.908284
-7.922270
-8.072495
-8.020550
-7.655685
-7.812130
-7.894188
-7.140884
-7.831360
-8.013179
-7.888355
-8.548342
-6.673466
-8.462202
-8.915698
-9.201731
-6.561090
-10.036180
-8.281360
-10.031360
-8.112130
-6.464402
-7.900591
-8.362130
-8.625016
-7.938217
-7.410322
-8.362130
-7.603264
-9.309498
-8.413225
-8.497265
-8.887903
-8.139908
-8.153558
-8.367371
-9.883558
-7.896445
-9.084857
-9.272357
-7.445571
-7.959857
-6.164676
-9.446343
-8.075928
-8.590698
-9.022357
-8.759857
-7.959857
-7.393819
-8.640891
-8.380910
-8.247993
-8.373395
-8.857002
-8.804370
-8.857002
-8.102285
-8.857002
-9.349539
-8.857002
-8.732002
-8.435949
-8.227372
-7.035326
-7.125181
-7.818084
-7.335326
-10.143018
-7.232233
-8.121040
-7.529770
-6.915326
-8.370209
-7.926235
-7.466905
-8.604556
-8.722203
-7.821437
-7.835326
-8.307024
-7.816095
-7.904076
-7.144849
-8.129443
-11.326397
-7.835326
-8.298289
-8.725326
-8.045852
-5.944915
-7.984262
-8.539029
-9.464955
-6.746830
-8.919663
-7.813586
-9.205696
-7.978183
-7.642573
-7.018560
-8.222858
-7.944799
-8.071419
-7.493326
-7.847191
-7.132215
-8.112771
-8.751345
-7.807268
-7.354437
-6.922339
-8.798882
-7.954437
-6.899892
-8.421104
-7.507484
-7.354254
-8.020921
-8.461013
-8.163778
-8.630859
-8.470501
-7.324248
-7.913778
-7.644298
-7.735207
-7.994466
-8.919673
-8.976341
-8.629324
-8.735207
-7.735207
-9.518540
-7.735207
-8.248027
-7.946318
-7.776695
-8.076590
-7.642307
-7.246570
-8.467837
-8.871683
-6.846279
-8.443361
-8.966487
-7.777672
-6.622313
-8.026476
-7.846842
-8.671501
-10.919676
-9.515640
-8.012260
-6.661225
-8.798404
-8.121807
-7.702250
-8.215071
-7.948884
-7.465071
-8.283821
-8.215071
-7.653087
-8.466172
-6.918775
-9.456206
-8.153846
-8.233939
-7.220147
-8.622478
-7.635322
-6.734969
-9.755957
-7.223435
-6.193273
-7.962390
-8.597851
-8.095715
-6.989290
-8.175086
-7.778179
-8.621929
-5.883442
-7.597328
-8.061007
-7.401835
-7.841006
-8.594693
-7.778179
-8.063893
-5.900628
-8.696546
-8.028179
-6.959208
-8.547429
-8.488282
-7.145395
-7.316304
-8.225395
-10.392062
-7.606838
-9.044544
-8.801482
-7.856236
-8.767393
-7.812101
-7.870264
-7.946779
-7.393265
-8.767393
-6.435021
-8.188446
-7.531038
-7.805467
-8.188446
-8.251273
-9.693033
-7.942177
-8.193522
-6.953151
-7.090085
-7.129622
-9.298035
-8.674059
-8.736043
-8.142779
-8.236043
-9.736043
-8.236043
-6.941925
-8.680487
-8.866812
-8.597745
-8.498929
-7.743085
-7.578635
-7.650677
-7.593186
-9.979633
-7.000749
-9.156043
-8.119160
-10.423543
-8.233206
-8.552278
-8.714432
-8.276415
-7.356415
-8.187920
-8.276415
-7.566071
-8.090641
-8.009573
-8.461088
-7.068889
-7.068889
-7.884750
-6.846623
-7.849337
-8.011428
-9.110583
-8.068889
-7.383310
-7.596985
-6.441790
-7.806016
-9.050612
-8.915474
-8.710872
-8.721872
-7.296009
-10.378775
-7.950204
-7.586088
-8.926321
-8.554293
-7.003316
-7.428813
-7.329617
-7.658189
-8.372475
-8.048524
-7.602069
-7.858869
-7.274513
-7.487468
-8.415191
-7.715191
-7.849337
-8.207945
-8.440997
-7.603303
-8.703563
-8.824780
-7.253652
-8.381858
-7.772186
-9.171981
-7.112098
-8.283092
-7.374282
-8.017823
-7.938048
-8.484422
-8.778018
-8.779021
-6.795191
-7.290949
-7.463581
-6.856278
-7.947187
-7.947187
-7.994062
-7.789292
-7.056776
-9.924965
-7.927956
-7.322187
-8.090865
-9.019651
-5.069636
-8.766336
-8.207187
-6.966055
-7.747187
-10.136376
-9.280521
-8.670591
-6.423378
-6.574638
-9.952263
-10.879880
-7.533170
-8.913037
-7.690060
-8.353155
-8.353155
-7.216247
-7.956247
-7.772761
-7.734025
-7.156247
-9.024997
-7.494709
-7.876247
-7.956247
-9.215507
-7.024875
-7.934508
-10.231247
-8.337603
-9.406247
-7.074466
-6.936117
-7.192953
-7.993677
-7.410344
-8.554022
-7.691594
-6.842776
-8.458537
-8.061507
-7.410344
-6.752449
-7.175050
-8.236431
-7.834586
-7.620870
-8.785344
-6.915839
-7.901415
-6.955799
-7.249054
-5.743677
-7.410344
-9.699999
-6.577011
-7.063405
-7.999385
-7.410344
-7.380041
-8.399415
-7.050809
-9.070086
-8.250809
-7.976615
-8.146461
-8.874465
-7.931843
-8.169176
-8.461335
-8.881650
-8.741880
-7.197238
-7.481578
-11.118734
-8.563309
-7.159262
-8.092433
-7.440468
-8.397920
-8.368190
-8.154677
-7.850009
-8.393997
-8.096762
-7.588190
-8.460643
-7.010296
-7.846762
-8.011940
-9.124980
-7.477714
-7.715065
-8.852656
-7.254656
-8.043190
-7.852401
-8.010783
-8.615559
-8.112635
-7.879301
-7.675585
-7.694358
-7.371715
-7.839263
-6.437568
-7.523283
-7.868409
-8.300068
-8.601205
-7.977406
-8.237568
-7.255425
-9.510296
-8.559602
-7.541997
-9.016909
-9.093502
-8.771373
-7.125659
-9.087354
-8.541215
-8.396550
-7.211466
-7.998480
-7.972146
-8.288579
-7.436879
-7.559343
-9.044981
-7.490735
-8.679208
-8.598867
-6.432088
-6.860659
-8.629337
-8.532534
-8.327764
-10.309189
-7.882566
-8.766909
-9.354338
-7.210885
-7.744432
-7.990701
-7.963778
-6.958333
-8.072231
-7.464502
-8.329023
-8.559493
-8.347988
-7.349287
-8.373795
-7.628758
-8.483809
-8.383282
-8.636360
-7.826560
-7.557079
-7.044896
-7.307079
-7.637059
-7.626249
-7.907248
-7.862274
-7.832199
-8.542106
-7.647988
-7.223746
-7.586764
-8.028162
-7.755654
-7.785048
-7.786568
-8.260070
-7.756172
-7.610120
-7.874271
-7.559740
-7.738047
-7.942168
-8.246912
-8.269190
-7.968610
-8.496912
-8.395463
-7.921155
-7.553907
-9.298799
-7.941357
-8.496912
-7.309412
-6.683925
-7.937916
-7.999016
-8.477555
-7.522509
-7.712227
-7.893148
-7.262466
-7.300832
-7.031868
-7.303505
-7.761683
-7.820486
-8.171557
-8.880648
-7.999016
-7.991539
-8.834380
-8.362307
-8.352956
-8.793282
-8.105173
-8.845914
-8.135569
-8.283930
-7.579726
-8.424861
-8.845914
-8.399485
-8.538221
-8.845914
-8.291169
-6.370598
-8.455647
-6.824504
-7.298290
-7.182831
-8.126892
-7.729290
-8.027916
-8.027916
-8.205160
-7.494722
-8.235463
-8.711654
-8.568796
-7.935463
-10.554612
-10.186683
-8.102130
-9.357912
-7.022130
-7.408596
-7.164722
-10.129822
-7.516574
-8.547936
-8.006596
-8.357013
-8.404547
-7.899053
-7.453709
-9.778920
-7.822130
-7.268284
-6.610009
-7.802899
-6.622130
-8.116247
-11.313201
-8.073231
-7.085016
-8.539111
-7.822130
-8.712130
-9.335643
-7.870322
-9.451759
-8.906467
-7.203486
-8.272130
-7.022130
-8.773349
-8.757782
-7.644660
-8.757782
-8.389361
-8.172876
-8.367538
-8.202226
-7.873167
-8.757782
-8.757782
-8.028212
-8.817685
-7.103400
-9.951832
-7.570932
-9.002151
-7.886435
-8.817685
-9.433070
-8.377685
-8.107340
-9.318540
-6.499574
-7.311077
-7.151873
-9.262984
-9.059675
-9.121172
-9.128885
-7.972386
-7.708540
-6.709449
-9.077281
-6.762984
-7.943540
-8.023359
-7.720179
-8.432575
-7.634329
-9.029651
-8.618540
-7.588321
-7.501537
-8.683312
-8.471807
-9.084307
-7.473106
-8.071807
-7.379650
-9.180898
-8.663236
-7.953625
-8.607628
-8.507101
-7.905140
-8.881396
-8.438474
-9.228597
-7.168714
-8.074439
-8.317262
-8.146807
-9.789664
-7.956018
-7.646807
-7.678543
-6.591479
-9.012942
-7.956018
-8.638474
-8.216252
-7.874080
-7.945909
-7.369822
-8.369822
-8.055007
-7.811683
-8.677514
-8.369822
-6.479411
-8.589334
-8.915277
-8.276415
-8.801685
-8.191098
-8.059717
-8.792950
-8.329987
-8.392487
-8.693623
-6.868448
-8.378180
-9.406910
-8.329987
-9.602714
-8.806177
-8.329987
-8.172493
-8.226064
-6.426064
-7.856905
-8.288564
-7.965902
-6.764526
-8.274257
-7.215135
-8.226064
-6.980255
-7.337858
-8.266153
-8.418452
-7.483632
-7.608227
-7.784970
-7.260990
-7.367343
-8.854981
-7.449486
-7.968534
-8.349486
-8.248037
-8.004658
-6.909486
-7.973142
-8.349486
-8.887948
-7.981065
-9.631537
-8.349486
-7.560597
-8.132095
-7.868473
-9.219051
-7.905042
-7.590621
-9.142130
-6.404235
-8.006574
-9.320871
-9.347844
-8.113225
-10.282313
-7.510585
-8.590585
-8.166672
-8.579656
-8.774258
-7.801696
-7.641680
-8.568846
-9.007252
-8.590585
-8.547375
-7.294289
-8.590585
-7.831720
-8.205970
-8.081656
-7.198832
-7.125469
-8.590585
-8.590585
-9.355291
-9.923918
-8.481494
-9.005679
-8.469895
-9.976949
-7.436812
-7.987951
-6.461439
-7.859458
-8.571517
-8.299935
-9.062755
-9.451574
-7.812821
-8.069935
-8.172020
-9.000591
-7.175059
-10.457734
-7.231432
-6.936640
-8.236598
-7.798383
-7.828796
-6.828796
-6.952042
-10.089361
-9.090260
-8.947440
-8.113709
-8.962939
-8.105213
-7.032418
-7.193709
-9.050852
-6.295981
-8.707963
-8.260046
-8.415784
-8.239213
-7.966943
-8.240667
-8.426713
-7.871158
-7.570391
-8.517622
-7.588875
-6.879543
-7.919250
-8.293380
-7.972168
-7.050369
-8.859145
-7.637824
-8.517622
-8.309830
-8.185046
-7.894967
-8.980284
-8.913200
-8.907482
-7.804072
-8.426713
-8.542784
-8.482269
-7.448296
-10.314825
-8.565602
-8.677814
-7.871158
-9.489540
-10.575649
-10.246385
-8.707963
-7.840786
-7.867179
-7.765028
-8.050743
-7.436771
-7.339858
-7.947824
-8.338431
-11.681695
-7.076199
-7.339415
-8.397909
-8.288320
-7.590952
-8.843876
-9.359749
-7.911976
-8.539422
-9.163320
-8.288320
-7.890015
-9.051478
-6.431177
-7.968320
-8.288320
-7.864407
-8.529385
-7.836752
-7.890721
-9.135082
-8.087078
-8.548616
-8.104172
-6.632954
-8.548616
-7.759727
-7.620045
-7.661824
-8.123084
-8.811503
-8.367765
-8.469669
-7.581950
-8.005406
-7.923616
-7.972859
-8.442734
-7.622300
-8.074932
-8.384437
-9.671065
-7.837726
-7.693005
-7.212367
-8.391502
-7.908590
-7.116382
-7.448426
-7.930695
-8.207291
-6.570927
-7.540624
-7.863541
-7.670254
-7.678989
-7.747521
-7.254166
-7.519791
-10.153720
-8.796332
-9.287291
-9.164434
-8.207291
-6.431525
-8.154051
-7.298410
-8.953197
-8.235687
-7.836356
-8.316065
-7.704105
-8.247315
-7.191759
-8.802870
-9.122315
-8.431781
-9.010473
-8.807315
-8.747315
-6.401161
-8.533029
-8.186090
-8.180007
-8.654722
-7.683671
-6.715501
-7.016056
-7.942692
-7.990226
-7.037438
-7.551487
-6.827164
-7.476559
-8.207809
-9.180086
-7.818523
-7.924202
-7.697464
-8.396880
-7.879507
-7.725344
-9.220309
-7.862354
-7.303461
-7.876063
-8.221221
-8.615049
-8.158284
-8.812130
-8.240701
-8.443709
-8.996596
-7.880880
-8.812130
-9.363150
-8.101785
-3.919273
-7.218865
-8.180551
-7.902491
-7.587130
-8.333712
-6.768651
-7.780384
-8.942971
-6.880031
-7.312130
-8.455808
-6.857584
-8.378796
-7.380880
-8.351555
-7.688641
-6.858933
-7.042409
-7.905533
-8.021475
-8.304208
-7.363999
-7.823493
-8.300891
-8.980680
-7.359208
-6.618661
-7.469774
-8.430636
-7.730315
-9.459654
-8.188289
-8.663880
-8.044358
-7.794135
-7.308431
-8.060927
-7.881033
-7.596990
-6.484504
-7.580648
-7.388217
-7.786892
-8.426713
-6.142038
-8.714740
-8.782341
-7.146564
-7.005052
-9.363717
-9.114975
-7.270463
-7.118320
-9.649194
-7.895463
-7.630757
-9.791115
-7.514511
-5.017912
-8.846683
-8.155463
-8.308796
-7.895463
-8.276819
-10.043611
-9.978796
-7.519119
-7.895463
-9.900539
-7.677281
-7.653796
-6.503710
-6.593137
-7.659042
-8.243948
-7.938392
-7.378094
-7.845643
-8.706911
-8.132060
-8.640855
-6.756768
-7.983785
-8.717632
-7.546579
-7.261805
-8.448767
-8.008654
-8.243948
-8.829572
-8.776940
-8.088313
-8.704572
-8.383143
-8.829572
-8.339908
-7.647600
-7.893754
-8.339908
-8.339908
-7.471486
-7.105865
-7.251412
-8.845402
-6.852728
-7.344984
-7.612635
-7.856301
-8.939908
-6.408535
-6.941602
-8.878369
-8.679908
-9.117685
-8.191759
-7.971486
-7.923241
-8.339908
-8.386061
-7.021726
-7.207265
-7.255425
-8.419387
-9.013079
-7.601205
-7.694358
-7.306318
-8.144304
-7.783023
-7.960973
-6.601205
-7.893818
-7.873932
-8.006799
-8.742155
-7.805470
-8.215346
-7.977406
-8.306196
-6.904235
-7.381246
-7.756556
-7.112568
-9.237568
-8.116879
-7.820902
-8.826609
-7.580161
-9.057240
-8.637568
-10.426758
-8.442388
-8.237568
-9.222130
-7.497614
-7.282313
-8.040391
-7.949008
-8.831360
-5.952130
-6.113225
-6.113225
-7.062130
-8.919273
-6.164402
-8.288320
-9.121654
-7.216892
-9.051207
-8.879229
-8.096013
-6.999431
-8.185227
-8.293815
-7.304714
-8.039422
-5.893583
-7.546654
-7.454987
-6.993139
-7.274807
-8.904392
-8.604834
-7.201654
-7.788320
-8.676713
-7.342831
-8.895463
-7.717497
-8.209417
-7.654204
-7.715463
-8.395463
-7.839908
-7.483182
-7.636842
-8.464213
-8.827895
-8.395463
-8.486372
-8.814818
-8.263884
-8.395463
-8.014511
-7.161421
-8.026304
-7.683599
-8.125193
-9.464091
-8.534352
-7.810097
-8.395463
-8.646564
-9.642038
-10.544399
-7.090006
-7.493478
-6.780713
-7.305306
-7.869822
-7.869822
-8.069483
-9.484713
-8.574917
-8.341390
-9.069483
-8.580846
-7.401273
-7.760272
-8.650365
-8.418167
-7.944483
-7.128693
-7.055594
-7.597544
-7.000038
-7.378445
-8.365535
-10.219483
-9.394483
-9.469935
-7.303181
-8.333067
-9.196993
-7.918356
-6.924935
-8.835649
-8.772792
-6.982367
-6.996088
-9.289772
-7.314640
-6.601029
-8.253638
-8.092792
-7.549935
-6.716601
-6.931291
-8.539006
-8.102867
-9.350122
-8.563467
-7.591397
-8.436532
-8.549892
-8.857584
-6.984208
-7.909604
-7.329334
-7.749588
-7.431827
-7.842172
-7.406392
-7.313128
-7.694528
-7.070514
-8.384653
-7.996753
-8.172349
-7.781392
-7.308031
-9.037233
-7.859222
-7.406392
-7.037971
-7.406392
-8.850836
-8.590603
-8.006392
-6.770028
-8.473059
-9.508665
-7.475142
-7.731941
-7.647035
-8.231941
-7.815274
-7.833636
-8.751941
-6.431941
-7.517655
-8.628848
-8.356941
-7.839784
-7.855597
-6.770403
-8.280134
-9.308864
-8.231941
-8.708132
-8.231941
-9.170167
-8.577986
-7.170167
-8.463645
-7.435867
-7.638645
-7.100495
-7.858572
-6.228138
-7.748733
-8.837102
-9.314274
-8.787047
-8.943139
-9.770312
-9.931406
-8.737454
-8.560312
-8.002761
-7.638645
-8.441440
-7.344738
-8.365049
-8.004437
-8.684579
-8.377919
-7.434257
-7.177919
-8.434914
-9.297919
-8.196143
-8.308031
-8.433031
-8.370531
-8.151781
-8.625567
-8.927079
-9.384954
-7.752476
-8.162198
-8.350531
-7.522316
-6.690733
-8.551221
-7.852577
-8.780078
-8.287121
-8.039338
-7.513891
-8.780078
-7.671507
-8.359026
-8.359026
-7.668190
-8.472386
-8.628563
-8.780078
-8.647030
-8.325731
-9.004410
-8.237049
-7.800034
-9.124068
-7.321870
-8.431760
-9.241125
-7.104410
-9.850441
-8.438753
-8.398793
-8.737049
-8.144400
-7.153299
-7.802389
-7.962049
-5.268299
-7.384370
-7.098118
-8.709812
-9.914881
-8.179013
-7.676632
-10.182954
-7.759965
-7.076972
-7.352253
-7.342831
-8.297102
-7.717497
-7.654204
-7.539141
-7.249630
-8.395463
-8.153796
-7.579674
-8.145463
-8.646564
-7.839908
-9.026232
-7.837771
-8.528796
-9.642038
-9.342831
-10.059585
-8.933925
-8.082360
-7.366454
-8.087584
-7.511827
-7.884235
-8.542130
-8.097685
-8.542130
-7.801389
-7.753241
-8.104630
-8.542130
-7.655337
-7.723948
-8.033655
-7.783264
-8.055643
-8.265534
-6.998651
-7.987385
-8.589005
-8.952844
-8.531201
-8.542130
-8.440680
-8.463182
-8.300463
-7.575463
-8.351654
-8.704292
-7.764987
-9.344017
-7.702130
-8.542130
-9.614593
-11.080591
-7.800871
-6.674950
-7.982043
-7.681627
-8.115674
-8.228796
-7.962609
-8.228796
-7.568796
-7.173241
-8.796698
-8.228796
-8.788796
-9.031716
-7.048469
-8.167572
-9.128796
-8.228796
-9.062130
-8.330808
-8.107130
-7.095293
-8.167899
-8.177820
-7.915715
-8.094456
-7.951099
-8.467294
-7.466556
-8.835715
-7.969861
-7.892053
-8.835715
-8.259957
-8.099887
-7.644660
-8.560702
-7.576931
-8.757782
-8.757782
-9.373167
-8.317782
-8.047437
-8.257782
-7.280189
-7.933342
-8.766675
-8.766675
-9.029562
-8.766675
-8.766675
-8.766675
-8.229638
-8.398254
-8.548493
-8.100009
-7.673481
-9.597947
-8.561629
-8.320217
-7.676368
-7.885179
-8.470476
-8.413481
-8.624592
-8.292791
-8.725981
-7.870271
-8.482447
-8.756074
-7.501200
-8.044322
-8.364701
-7.167212
-8.932468
-7.824195
-6.939254
-6.618300
-9.040932
-7.633665
-8.013481
-8.958936
-8.830618
-7.693054
-7.687994
-7.820846
-8.303729
-7.403219
-6.898183
-8.004410
-8.283913
-7.961449
-6.453990
-8.237214
-7.806415
-8.385362
-8.016941
-8.620656
-7.717965
-8.302870
-7.437017
-7.904565
-9.359865
-7.933712
-8.302870
-6.815691
-8.302870
-8.776555
-8.620406
-8.921918
-9.379794
-8.302870
-8.779061
-8.624904
-8.302870
-8.158721
-7.636508
-8.749630
-7.960156
-8.178201
-8.381209
-8.146537
-8.749630
-8.039285
-8.490701
-7.541796
-7.808237
-7.988835
-9.282541
-8.185950
-7.730593
-8.873450
-7.626697
-7.929789
-8.873450
-8.521599
-7.984562
-7.343994
-8.292899
